 1,12
 2,11
 3,12
 4,10
 5,12
 6,11
 7,12
 8,13
 9,9
 10,12
 11,11
 12,12
 13,13
 14,10
 15,12
 16,11
 17,12
 18,13
 19,8
 20,12
 21,11
 22,12
 23,13
 24,10
 25,12
 26,11
 27,12
 28,13
 29,9
 30,12
 31,11
 32,12
 33,13
 34,10
 35,12
 36,11
 37,12
 38,13
 39,7
 40,12
 41,11
 42,12
 43,10
 44,12
 45,11
 46,12
 47,13
 48,9
 49,12
 50,11
 51,12
 52,13
 53,10
 54,12
 55,11
 56,12
 57,13
 58,8
 59,12
 60,11
 61,12
 62,13
 63,10
 64,12
 65,11
 66,12
 67,13
 68,9
 69,12
 70,11
 71,12
 72,13
 73,10
 74,12
 75,11
 76,12
 77,13
 78,6
 79,12
 80,11
 81,12
 82,10
 83,12
 84,11
 85,12
 86,13
 87,9
 88,12
 89,11
 90,12
 91,13
 92,10
 93,12
 94,11
 95,12
 96,13
 97,8
 98,12
 99,11
 100,12
 101,13
 102,10
 103,12
 104,11
 105,12
 106,13
 107,9
 108,12
 109,11
 110,12
 111,13
 112,10
 113,12
 114,11
 115,12
 116,13
 117,7
 118,12
 119,11
 120,12
 121,10
 122,12
 123,11
 124,12
 125,13
 126,9
 127,12
 128,11
 129,12
 130,13
 131,10
 132,12
 133,11
 134,12
 135,13
 136,8
 137,12
 138,11
 139,12
 140,13
 141,10
 142,12
 143,11
 144,12
 145,13
 146,9
 147,12
 148,11
 149,12
 150,13
 151,10
 152,12
 153,11
 154,12
 155,13
 156,5
 157,12
 158,11
 159,12
 160,10
 161,12
 162,11
 163,12
 164,13
 165,9
 166,12
 167,11
 168,12
 169,13
 170,10
 171,12
 172,11
 173,12
 174,13
 175,8
 176,12
 177,11
 178,12
 179,13
 180,10
 181,12
 182,11
 183,12
 184,13
 185,9
 186,12
 187,11
 188,12
 189,13
 190,10
 191,12
 192,11
 193,12
 194,13
 195,7
 196,12
 197,11
 198,12
 199,10
 200,12
 201,11
 202,12
 203,13
 204,9
 205,12
 206,11
 207,12
 208,13
 209,10
 210,12
 211,11
 212,12
 213,13
 214,8
 215,12
 216,11
 217,12
 218,13
 219,10
 220,12
 221,11
 222,12
 223,13
 224,9
 225,12
 226,11
 227,12
 228,13
 229,10
 230,12
 231,11
 232,12
 233,13
 234,6
 235,12
 236,11
 237,12
 238,10
 239,12
 240,11
 241,12
 242,13
 243,9
 244,12
 245,11
 246,12
 247,13
 248,10
 249,12
 250,11
 251,12
 252,13
 253,8
 254,12
 255,11
 256,12
 257,13
 258,10
 259,12
 260,11
 261,12
 262,13
 263,9
 264,12
 265,11
 266,12
 267,13
 268,10
 269,12
 270,11
 271,12
 272,13
 273,7
 274,12
 275,11
 276,12
 277,10
 278,12
 279,11
 280,12
 281,13
 282,9
 283,12
 284,11
 285,12
 286,13
 287,10
 288,12
 289,11
 290,12
 291,13
 292,8
 293,12
 294,11
 295,12
 296,13
 297,10
 298,12
 299,11
 300,12
 301,13
 302,9
 303,12
 304,11
 305,12
 306,13
 307,10
 308,12
 309,11
 310,12
 311,13
 312,4
 313,12
 314,11
 315,12
 316,10
 317,12
 318,11
 319,12
 320,13
 321,9
 322,12
 323,11
 324,12
 325,13
 326,10
 327,12
 328,11
 329,12
 330,13
 331,8
 332,12
 333,11
 334,12
 335,13
 336,10
 337,12
 338,11
 339,12
 340,13
 341,9
 342,12
 343,11
 344,12
 345,13
 346,10
 347,12
 348,11
 349,12
 350,13
 351,7
 352,12
 353,11
 354,12
 355,10
 356,12
 357,11
 358,12
 359,13
 360,9
 361,12
 362,11
 363,12
 364,13
 365,10
 366,12
 367,11
 368,12
 369,13
 370,8
 371,12
 372,11
 373,12
 374,13
 375,10
 376,12
 377,11
 378,12
 379,13
 380,9
 381,12
 382,11
 383,12
 384,13
 385,10
 386,12
 387,11
 388,12
 389,13
 390,6
 391,12
 392,11
 393,12
 394,10
 395,12
 396,11
 397,12
 398,13
 399,9
 400,12
 401,11
 402,12
 403,13
 404,10
 405,12
 406,11
 407,12
 408,13
 409,8
 410,12
 411,11
 412,12
 413,13
 414,10
 415,12
 416,11
 417,12
 418,13
 419,9
 420,12
 421,11
 422,12
 423,13
 424,10
 425,12
 426,11
 427,12
 428,13
 429,7
 430,12
 431,11
 432,12
 433,10
 434,12
 435,11
 436,12
 437,13
 438,9
 439,12
 440,11
 441,12
 442,13
 443,10
 444,12
 445,11
 446,12
 447,13
 448,8
 449,12
 450,11
 451,12
 452,13
 453,10
 454,12
 455,11
 456,12
 457,13
 458,9
 459,12
 460,11
 461,12
 462,13
 463,10
 464,12
 465,11
 466,12
 467,13
 468,5
 469,12
 470,11
 471,12
 472,10
 473,12
 474,11
 475,12
 476,13
 477,9
 478,12
 479,11
 480,12
 481,13
 482,10
 483,12
 484,11
 485,12
 486,13
 487,8
 488,12
 489,11
 490,12
 491,13
 492,10
 493,12
 494,11
 495,12
 496,13
 497,9
 498,12
 499,11
 500,12
 501,13
 502,10
 503,12
 504,11
 505,12
 506,13
 507,7
 508,12
 509,11
 510,12
 511,10
 512,12
 513,11
 514,12
 515,13
 516,9
 517,12
 518,11
 519,12
 520,13
 521,10
 522,12
 523,11
 524,12
 525,13
 526,8
 527,12
 528,11
 529,12
 530,13
 531,10
 532,12
 533,11
 534,12
 535,13
 536,9
 537,12
 538,11
 539,12
 540,13
 541,10
 542,12
 543,11
 544,12
 545,13
 546,6
 547,12
 548,11
 549,12
 550,10
 551,12
 552,11
 553,12
 554,13
 555,9
 556,12
 557,11
 558,12
 559,13
 560,10
 561,12
 562,11
 563,12
 564,13
 565,8
 566,12
 567,11
 568,12
 569,13
 570,10
 571,12
 572,11
 573,12
 574,13
 575,9
 576,12
 577,11
 578,12
 579,13
 580,10
 581,12
 582,11
 583,12
 584,13
 585,7
 586,12
 587,11
 588,12
 589,13
 590,10
 591,12
 592,11
 593,12
 594,13
 595,9
 596,12
 597,11
 598,12
 599,13
 600,10
 601,12
 602,11
 603,12
 604,13
 605,8
 606,12
 607,11
 608,12
 609,13
 610,10
 611,12
 612,11
 613,12
 614,13
 615,9
 616,12
 617,11
 618,12
 619,13
 620,10
 621,12
 622,11
 623,12
 624,13
 625,3
 626,12
 627,11
 628,12
 629,10
 630,12
 631,11
 632,12
 633,13
 634,9
 635,12
 636,11
 637,12
 638,13
 639,10
 640,12
 641,11
 642,12
 643,13
 644,8
 645,12
 646,11
 647,12
 648,13
 649,10
 650,12
 651,11
 652,12
 653,13
 654,9
 655,12
 656,11
 657,12
 658,13
 659,10
 660,12
 661,11
 662,12
 663,13
 664,7
 665,12
 666,11
 667,12
 668,10
 669,12
 670,11
 671,12
 672,13
 673,9
 674,12
 675,11
 676,12
 677,13
 678,10
 679,12
 680,11
 681,12
 682,13
 683,8
 684,12
 685,11
 686,12
 687,13
 688,10
 689,12
 690,11
 691,12
 692,13
 693,9
 694,12
 695,11
 696,12
 697,13
 698,10
 699,12
 700,11
 701,12
 702,13
 703,6
 704,12
 705,11
 706,12
 707,10
 708,12
 709,11
 710,12
 711,13
 712,9
 713,12
 714,11
 715,12
 716,13
 717,10
 718,12
 719,11
 720,12
 721,13
 722,8
 723,12
 724,11
 725,12
 726,13
 727,10
 728,12
 729,11
 730,12
 731,13
 732,9
 733,12
 734,11
 735,12
 736,13
 737,10
 738,12
 739,11
 740,12
 741,13
 742,7
 743,12
 744,11
 745,12
 746,10
 747,12
 748,11
 749,12
 750,13
 751,9
 752,12
 753,11
 754,12
 755,13
 756,10
 757,12
 758,11
 759,12
 760,13
 761,8
 762,12
 763,11
 764,12
 765,13
 766,10
 767,12
 768,11
 769,12
 770,13
 771,9
 772,12
 773,11
 774,12
 775,13
 776,10
 777,12
 778,11
 779,12
 780,13
 781,5
 782,12
 783,11
 784,12
 785,10
 786,12
 787,11
 788,12
 789,13
 790,9
 791,12
 792,11
 793,12
 794,13
 795,10
 796,12
 797,11
 798,12
 799,13
 800,8
 801,12
 802,11
 803,12
 804,13
 805,10
 806,12
 807,11
 808,12
 809,13
 810,9
 811,12
 812,11
 813,12
 814,13
 815,10
 816,12
 817,11
 818,12
 819,13
 820,7
 821,12
 822,11
 823,12
 824,10
 825,12
 826,11
 827,12
 828,13
 829,9
 830,12
 831,11
 832,12
 833,13
 834,10
 835,12
 836,11
 837,12
 838,13
 839,8
 840,12
 841,11
 842,12
 843,13
 844,10
 845,12
 846,11
 847,12
 848,13
 849,9
 850,12
 851,11
 852,12
 853,13
 854,10
 855,12
 856,11
 857,12
 858,13
 859,6
 860,12
 861,11
 862,12
 863,10
 864,12
 865,11
 866,12
 867,13
 868,9
 869,12
 870,11
 871,12
 872,13
 873,10
 874,12
 875,11
 876,12
 877,13
 878,8
 879,12
 880,11
 881,12
 882,13
 883,10
 884,12
 885,11
 886,12
 887,13
 888,9
 889,12
 890,11
 891,12
 892,13
 893,10
 894,12
 895,11
 896,12
 897,13
 898,7
 899,12
 900,11
 901,12
 902,10
 903,12
 904,11
 905,12
 906,13
 907,9
 908,12
 909,11
 910,12
 911,13
 912,10
 913,12
 914,11
 915,12
 916,13
 917,8
 918,12
 919,11
 920,12
 921,13
 922,10
 923,12
 924,11
 925,12
 926,13
 927,9
 928,12
 929,11
 930,12
 931,13
 932,10
 933,12
 934,11
 935,12
 936,13
 937,4
 938,12
 939,11
 940,12
 941,10
 942,12
 943,11
 944,12
 945,13
 946,9
 947,12
 948,11
 949,12
 950,13
 951,10
 952,12
 953,11
 954,12
 955,13
 956,8
 957,12
 958,11
 959,12
 960,13
 961,10
 962,12
 963,11
 964,12
 965,13
 966,9
 967,12
 968,11
 969,12
 970,13
 971,10
 972,12
 973,11
 974,12
 975,13
 976,7
 977,12
 978,11
 979,12
 980,10
 981,12
 982,11
 983,12
 984,13
 985,9
 986,12
 987,11
 988,12
 989,13
 990,10
 991,12
 992,11
 993,12
 994,13
 995,8
 996,12
 997,11
 998,12
 999,13
 1000,10
 1001,12
 1002,11
 1003,12
 1004,13
 1005,9
 1006,12
 1007,11
 1008,12
 1009,13
 1010,10
 1011,12
 1012,11
 1013,12
 1014,13
 1015,6
 1016,12
 1017,11
 1018,12
 1019,10
 1020,12
 1021,11
 1022,12
 1023,13
 1024,9
 1025,12
 1026,11
 1027,12
 1028,13
 1029,10
 1030,12
 1031,11
 1032,12
 1033,13
 1034,8
 1035,12
 1036,11
 1037,12
 1038,13
 1039,10
 1040,12
 1041,11
 1042,12
 1043,13
 1044,9
 1045,12
 1046,11
 1047,12
 1048,13
 1049,10
 1050,12
 1051,11
 1052,12
 1053,13
 1054,7
 1055,12
 1056,11
 1057,12
 1058,10
 1059,12
 1060,11
 1061,12
 1062,13
 1063,9
 1064,12
 1065,11
 1066,12
 1067,13
 1068,10
 1069,12
 1070,11
 1071,12
 1072,13
 1073,8
 1074,12
 1075,11
 1076,12
 1077,13
 1078,10
 1079,12
 1080,11
 1081,12
 1082,13
 1083,9
 1084,12
 1085,11
 1086,12
 1087,13
 1088,10
 1089,12
 1090,11
 1091,12
 1092,13
 1093,5
 1094,12
 1095,11
 1096,12
 1097,10
 1098,12
 1099,11
 1100,12
 1101,13
 1102,9
 1103,12
 1104,11
 1105,12
 1106,13
 1107,10
 1108,12
 1109,11
 1110,12
 1111,13
 1112,8
 1113,12
 1114,11
 1115,12
 1116,13
 1117,10
 1118,12
 1119,11
 1120,12
 1121,13
 1122,9
 1123,12
 1124,11
 1125,12
 1126,13
 1127,10
 1128,12
 1129,11
 1130,12
 1131,13
 1132,7
 1133,12
 1134,11
 1135,12
 1136,10
 1137,12
 1138,11
 1139,12
 1140,13
 1141,9
 1142,12
 1143,11
 1144,12
 1145,13
 1146,10
 1147,12
 1148,11
 1149,12
 1150,13
 1151,8
 1152,12
 1153,11
 1154,12
 1155,13
 1156,10
 1157,12
 1158,11
 1159,12
 1160,13
 1161,9
 1162,12
 1163,11
 1164,12
 1165,13
 1166,10
 1167,12
 1168,11
 1169,12
 1170,13
 1171,6
 1172,12
 1173,11
 1174,12
 1175,10
 1176,12
 1177,11
 1178,12
 1179,13
 1180,9
 1181,12
 1182,11
 1183,12
 1184,13
 1185,10
 1186,12
 1187,11
 1188,12
 1189,13
 1190,8
 1191,12
 1192,11
 1193,12
 1194,13
 1195,10
 1196,12
 1197,11
 1198,12
 1199,13
 1200,9
 1201,12
 1202,11
 1203,12
 1204,13
 1205,10
 1206,12
 1207,11
 1208,12
 1209,13
 1210,7
 1211,12
 1212,11
 1213,12
 1214,13
 1215,10
 1216,12
 1217,11
 1218,12
 1219,13
 1220,9
 1221,12
 1222,11
 1223,12
 1224,13
 1225,10
 1226,12
 1227,11
 1228,12
 1229,13
 1230,8
 1231,12
 1232,11
 1233,12
 1234,13
 1235,10
 1236,12
 1237,11
 1238,12
 1239,13
 1240,9
 1241,12
 1242,11
 1243,12
 1244,13
 1245,10
 1246,12
 1247,11
 1248,12
 1249,13
 1250,2
 1251,12
 1252,11
 1253,12
 1254,10
 1255,12
 1256,11
 1257,12
 1258,13
 1259,9
 1260,12
 1261,11
 1262,12
 1263,13
 1264,10
 1265,12
 1266,11
 1267,12
 1268,13
 1269,8
 1270,12
 1271,11
 1272,12
 1273,13
 1274,10
 1275,12
 1276,11
 1277,12
 1278,13
 1279,9
 1280,12
 1281,11
 1282,12
 1283,13
 1284,10
 1285,12
 1286,11
 1287,12
 1288,13
 1289,7
 1290,12
 1291,11
 1292,12
 1293,10
 1294,12
 1295,11
 1296,12
 1297,13
 1298,9
 1299,12
 1300,11
 1301,12
 1302,13
 1303,10
 1304,12
 1305,11
 1306,12
 1307,13
 1308,8
 1309,12
 1310,11
 1311,12
 1312,13
 1313,10
 1314,12
 1315,11
 1316,12
 1317,13
 1318,9
 1319,12
 1320,11
 1321,12
 1322,13
 1323,10
 1324,12
 1325,11
 1326,12
 1327,13
 1328,6
 1329,12
 1330,11
 1331,12
 1332,10
 1333,12
 1334,11
 1335,12
 1336,13
 1337,9
 1338,12
 1339,11
 1340,12
 1341,13
 1342,10
 1343,12
 1344,11
 1345,12
 1346,13
 1347,8
 1348,12
 1349,11
 1350,12
 1351,13
 1352,10
 1353,12
 1354,11
 1355,12
 1356,13
 1357,9
 1358,12
 1359,11
 1360,12
 1361,13
 1362,10
 1363,12
 1364,11
 1365,12
 1366,13
 1367,7
 1368,12
 1369,11
 1370,12
 1371,10
 1372,12
 1373,11
 1374,12
 1375,13
 1376,9
 1377,12
 1378,11
 1379,12
 1380,13
 1381,10
 1382,12
 1383,11
 1384,12
 1385,13
 1386,8
 1387,12
 1388,11
 1389,12
 1390,13
 1391,10
 1392,12
 1393,11
 1394,12
 1395,13
 1396,9
 1397,12
 1398,11
 1399,12
 1400,13
 1401,10
 1402,12
 1403,11
 1404,12
 1405,13
 1406,5
 1407,12
 1408,11
 1409,12
 1410,10
 1411,12
 1412,11
 1413,12
 1414,13
 1415,9
 1416,12
 1417,11
 1418,12
 1419,13
 1420,10
 1421,12
 1422,11
 1423,12
 1424,13
 1425,8
 1426,12
 1427,11
 1428,12
 1429,13
 1430,10
 1431,12
 1432,11
 1433,12
 1434,13
 1435,9
 1436,12
 1437,11
 1438,12
 1439,13
 1440,10
 1441,12
 1442,11
 1443,12
 1444,13
 1445,7
 1446,12
 1447,11
 1448,12
 1449,10
 1450,12
 1451,11
 1452,12
 1453,13
 1454,9
 1455,12
 1456,11
 1457,12
 1458,13
 1459,10
 1460,12
 1461,11
 1462,12
 1463,13
 1464,8
 1465,12
 1466,11
 1467,12
 1468,13
 1469,10
 1470,12
 1471,11
 1472,12
 1473,13
 1474,9
 1475,12
 1476,11
 1477,12
 1478,13
 1479,10
 1480,12
 1481,11
 1482,12
 1483,13
 1484,6
 1485,12
 1486,11
 1487,12
 1488,10
 1489,12
 1490,11
 1491,12
 1492,13
 1493,9
 1494,12
 1495,11
 1496,12
 1497,13
 1498,10
 1499,12
 1500,11
 1501,12
 1502,13
 1503,8
 1504,12
 1505,11
 1506,12
 1507,13
 1508,10
 1509,12
 1510,11
 1511,12
 1512,13
 1513,9
 1514,12
 1515,11
 1516,12
 1517,13
 1518,10
 1519,12
 1520,11
 1521,12
 1522,13
 1523,7
 1524,12
 1525,11
 1526,12
 1527,10
 1528,12
 1529,11
 1530,12
 1531,13
 1532,9
 1533,12
 1534,11
 1535,12
 1536,13
 1537,10
 1538,12
 1539,11
 1540,12
 1541,13
 1542,8
 1543,12
 1544,11
 1545,12
 1546,13
 1547,10
 1548,12
 1549,11
 1550,12
 1551,13
 1552,9
 1553,12
 1554,11
 1555,12
 1556,13
 1557,10
 1558,12
 1559,11
 1560,12
 1561,13
 1562,4
 1563,12
 1564,11
 1565,12
 1566,10
 1567,12
 1568,11
 1569,12
 1570,13
 1571,9
 1572,12
 1573,11
 1574,12
 1575,13
 1576,10
 1577,12
 1578,11
 1579,12
 1580,13
 1581,8
 1582,12
 1583,11
 1584,12
 1585,13
 1586,10
 1587,12
 1588,11
 1589,12
 1590,13
 1591,9
 1592,12
 1593,11
 1594,12
 1595,13
 1596,10
 1597,12
 1598,11
 1599,12
 1600,13
 1601,7
 1602,12
 1603,11
 1604,12
 1605,10
 1606,12
 1607,11
 1608,12
 1609,13
 1610,9
 1611,12
 1612,11
 1613,12
 1614,13
 1615,10
 1616,12
 1617,11
 1618,12
 1619,13
 1620,8
 1621,12
 1622,11
 1623,12
 1624,13
 1625,10
 1626,12
 1627,11
 1628,12
 1629,13
 1630,9
 1631,12
 1632,11
 1633,12
 1634,13
 1635,10
 1636,12
 1637,11
 1638,12
 1639,13
 1640,6
 1641,12
 1642,11
 1643,12
 1644,10
 1645,12
 1646,11
 1647,12
 1648,13
 1649,9
 1650,12
 1651,11
 1652,12
 1653,13
 1654,10
 1655,12
 1656,11
 1657,12
 1658,13
 1659,8
 1660,12
 1661,11
 1662,12
 1663,13
 1664,10
 1665,12
 1666,11
 1667,12
 1668,13
 1669,9
 1670,12
 1671,11
 1672,12
 1673,13
 1674,10
 1675,12
 1676,11
 1677,12
 1678,13
 1679,7
 1680,12
 1681,11
 1682,12
 1683,10
 1684,12
 1685,11
 1686,12
 1687,13
 1688,9
 1689,12
 1690,11
 1691,12
 1692,13
 1693,10
 1694,12
 1695,11
 1696,12
 1697,13
 1698,8
 1699,12
 1700,11
 1701,12
 1702,13
 1703,10
 1704,12
 1705,11
 1706,12
 1707,13
 1708,9
 1709,12
 1710,11
 1711,12
 1712,13
 1713,10
 1714,12
 1715,11
 1716,12
 1717,13
 1718,5
 1719,12
 1720,11
 1721,12
 1722,10
 1723,12
 1724,11
 1725,12
 1726,13
 1727,9
 1728,12
 1729,11
 1730,12
 1731,13
 1732,10
 1733,12
 1734,11
 1735,12
 1736,13
 1737,8
 1738,12
 1739,11
 1740,12
 1741,13
 1742,10
 1743,12
 1744,11
 1745,12
 1746,13
 1747,9
 1748,12
 1749,11
 1750,12
 1751,13
 1752,10
 1753,12
 1754,11
 1755,12
 1756,13
 1757,7
 1758,12
 1759,11
 1760,12
 1761,10
 1762,12
 1763,11
 1764,12
 1765,13
 1766,9
 1767,12
 1768,11
 1769,12
 1770,13
 1771,10
 1772,12
 1773,11
 1774,12
 1775,13
 1776,8
 1777,12
 1778,11
 1779,12
 1780,13
 1781,10
 1782,12
 1783,11
 1784,12
 1785,13
 1786,9
 1787,12
 1788,11
 1789,12
 1790,13
 1791,10
 1792,12
 1793,11
 1794,12
 1795,13
 1796,6
 1797,12
 1798,11
 1799,12
 1800,10
 1801,12
 1802,11
 1803,12
 1804,13
 1805,9
 1806,12
 1807,11
 1808,12
 1809,13
 1810,10
 1811,12
 1812,11
 1813,12
 1814,13
 1815,8
 1816,12
 1817,11
 1818,12
 1819,13
 1820,10
 1821,12
 1822,11
 1823,12
 1824,13
 1825,9
 1826,12
 1827,11
 1828,12
 1829,13
 1830,10
 1831,12
 1832,11
 1833,12
 1834,13
 1835,7
 1836,12
 1837,11
 1838,12
 1839,13
 1840,10
 1841,12
 1842,11
 1843,12
 1844,13
 1845,9
 1846,12
 1847,11
 1848,12
 1849,13
 1850,10
 1851,12
 1852,11
 1853,12
 1854,13
 1855,8
 1856,12
 1857,11
 1858,12
 1859,13
 1860,10
 1861,12
 1862,11
 1863,12
 1864,13
 1865,9
 1866,12
 1867,11
 1868,12
 1869,13
 1870,10
 1871,12
 1872,11
 1873,12
 1874,13
 1875,3
 1876,12
 1877,11
 1878,12
 1879,10
 1880,12
 1881,11
 1882,12
 1883,13
 1884,9
 1885,12
 1886,11
 1887,12
 1888,13
 1889,10
 1890,12
 1891,11
 1892,12
 1893,13
 1894,8
 1895,12
 1896,11
 1897,12
 1898,13
 1899,10
 1900,12
 1901,11
 1902,12
 1903,13
 1904,9
 1905,12
 1906,11
 1907,12
 1908,13
 1909,10
 1910,12
 1911,11
 1912,12
 1913,13
 1914,7
 1915,12
 1916,11
 1917,12
 1918,10
 1919,12
 1920,11
 1921,12
 1922,13
 1923,9
 1924,12
 1925,11
 1926,12
 1927,13
 1928,10
 1929,12
 1930,11
 1931,12
 1932,13
 1933,8
 1934,12
 1935,11
 1936,12
 1937,13
 1938,10
 1939,12
 1940,11
 1941,12
 1942,13
 1943,9
 1944,12
 1945,11
 1946,12
 1947,13
 1948,10
 1949,12
 1950,11
 1951,12
 1952,13
 1953,6
 1954,12
 1955,11
 1956,12
 1957,10
 1958,12
 1959,11
 1960,12
 1961,13
 1962,9
 1963,12
 1964,11
 1965,12
 1966,13
 1967,10
 1968,12
 1969,11
 1970,12
 1971,13
 1972,8
 1973,12
 1974,11
 1975,12
 1976,13
 1977,10
 1978,12
 1979,11
 1980,12
 1981,13
 1982,9
 1983,12
 1984,11
 1985,12
 1986,13
 1987,10
 1988,12
 1989,11
 1990,12
 1991,13
 1992,7
 1993,12
 1994,11
 1995,12
 1996,10
 1997,12
 1998,11
 1999,12
 2000,13
 2001,9
 2002,12
 2003,11
 2004,12
 2005,13
 2006,10
 2007,12
 2008,11
 2009,12
 2010,13
 2011,8
 2012,12
 2013,11
 2014,12
 2015,13
 2016,10
 2017,12
 2018,11
 2019,12
 2020,13
 2021,9
 2022,12
 2023,11
 2024,12
 2025,13
 2026,10
 2027,12
 2028,11
 2029,12
 2030,13
 2031,5
 2032,12
 2033,11
 2034,12
 2035,10
 2036,12
 2037,11
 2038,12
 2039,13
 2040,9
 2041,12
 2042,11
 2043,12
 2044,13
 2045,10
 2046,12
 2047,11
 2048,12
 2049,13
 2050,8
 2051,12
 2052,11
 2053,12
 2054,13
 2055,10
 2056,12
 2057,11
 2058,12
 2059,13
 2060,9
 2061,12
 2062,11
 2063,12
 2064,13
 2065,10
 2066,12
 2067,11
 2068,12
 2069,13
 2070,7
 2071,12
 2072,11
 2073,12
 2074,10
 2075,12
 2076,11
 2077,12
 2078,13
 2079,9
 2080,12
 2081,11
 2082,12
 2083,13
 2084,10
 2085,12
 2086,11
 2087,12
 2088,13
 2089,8
 2090,12
 2091,11
 2092,12
 2093,13
 2094,10
 2095,12
 2096,11
 2097,12
 2098,13
 2099,9
 2100,12
 2101,11
 2102,12
 2103,13
 2104,10
 2105,12
 2106,11
 2107,12
 2108,13
 2109,6
 2110,12
 2111,11
 2112,12
 2113,10
 2114,12
 2115,11
 2116,12
 2117,13
 2118,9
 2119,12
 2120,11
 2121,12
 2122,13
 2123,10
 2124,12
 2125,11
 2126,12
 2127,13
 2128,8
 2129,12
 2130,11
 2131,12
 2132,13
 2133,10
 2134,12
 2135,11
 2136,12
 2137,13
 2138,9
 2139,12
 2140,11
 2141,12
 2142,13
 2143,10
 2144,12
 2145,11
 2146,12
 2147,13
 2148,7
 2149,12
 2150,11
 2151,12
 2152,10
 2153,12
 2154,11
 2155,12
 2156,13
 2157,9
 2158,12
 2159,11
 2160,12
 2161,13
 2162,10
 2163,12
 2164,11
 2165,12
 2166,13
 2167,8
 2168,12
 2169,11
 2170,12
 2171,13
 2172,10
 2173,12
 2174,11
 2175,12
 2176,13
 2177,9
 2178,12
 2179,11
 2180,12
 2181,13
 2182,10
 2183,12
 2184,11
 2185,12
 2186,13
 2187,4
 2188,12
 2189,11
 2190,12
 2191,10
 2192,12
 2193,11
 2194,12
 2195,13
 2196,9
 2197,12
 2198,11
 2199,12
 2200,13
 2201,10
 2202,12
 2203,11
 2204,12
 2205,13
 2206,8
 2207,12
 2208,11
 2209,12
 2210,13
 2211,10
 2212,12
 2213,11
 2214,12
 2215,13
 2216,9
 2217,12
 2218,11
 2219,12
 2220,13
 2221,10
 2222,12
 2223,11
 2224,12
 2225,13
 2226,7
 2227,12
 2228,11
 2229,12
 2230,10
 2231,12
 2232,11
 2233,12
 2234,13
 2235,9
 2236,12
 2237,11
 2238,12
 2239,13
 2240,10
 2241,12
 2242,11
 2243,12
 2244,13
 2245,8
 2246,12
 2247,11
 2248,12
 2249,13
 2250,10
 2251,12
 2252,11
 2253,12
 2254,13
 2255,9
 2256,12
 2257,11
 2258,12
 2259,13
 2260,10
 2261,12
 2262,11
 2263,12
 2264,13
 2265,6
 2266,12
 2267,11
 2268,12
 2269,10
 2270,12
 2271,11
 2272,12
 2273,13
 2274,9
 2275,12
 2276,11
 2277,12
 2278,13
 2279,10
 2280,12
 2281,11
 2282,12
 2283,13
 2284,8
 2285,12
 2286,11
 2287,12
 2288,13
 2289,10
 2290,12
 2291,11
 2292,12
 2293,13
 2294,9
 2295,12
 2296,11
 2297,12
 2298,13
 2299,10
 2300,12
 2301,11
 2302,12
 2303,13
 2304,7
 2305,12
 2306,11
 2307,12
 2308,10
 2309,12
 2310,11
 2311,12
 2312,13
 2313,9
 2314,12
 2315,11
 2316,12
 2317,13
 2318,10
 2319,12
 2320,11
 2321,12
 2322,13
 2323,8
 2324,12
 2325,11
 2326,12
 2327,13
 2328,10
 2329,12
 2330,11
 2331,12
 2332,13
 2333,9
 2334,12
 2335,11
 2336,12
 2337,13
 2338,10
 2339,12
 2340,11
 2341,12
 2342,13
 2343,5
 2344,12
 2345,11
 2346,12
 2347,10
 2348,12
 2349,11
 2350,12
 2351,13
 2352,9
 2353,12
 2354,11
 2355,12
 2356,13
 2357,10
 2358,12
 2359,11
 2360,12
 2361,13
 2362,8
 2363,12
 2364,11
 2365,12
 2366,13
 2367,10
 2368,12
 2369,11
 2370,12
 2371,13
 2372,9
 2373,12
 2374,11
 2375,12
 2376,13
 2377,10
 2378,12
 2379,11
 2380,12
 2381,13
 2382,7
 2383,12
 2384,11
 2385,12
 2386,10
 2387,12
 2388,11
 2389,12
 2390,13
 2391,9
 2392,12
 2393,11
 2394,12
 2395,13
 2396,10
 2397,12
 2398,11
 2399,12
 2400,13
 2401,8
 2402,12
 2403,11
 2404,12
 2405,13
 2406,10
 2407,12
 2408,11
 2409,12
 2410,13
 2411,9
 2412,12
 2413,11
 2414,12
 2415,13
 2416,10
 2417,12
 2418,11
 2419,12
 2420,13
 2421,6
 2422,12
 2423,11
 2424,12
 2425,10
 2426,12
 2427,11
 2428,12
 2429,13
 2430,9
 2431,12
 2432,11
 2433,12
 2434,13
 2435,10
 2436,12
 2437,11
 2438,12
 2439,13
 2440,8
 2441,12
 2442,11
 2443,12
 2444,13
 2445,10
 2446,12
 2447,11
 2448,12
 2449,13
 2450,9
 2451,12
 2452,11
 2453,12
 2454,13
 2455,10
 2456,12
 2457,11
 2458,12
 2459,13
 2460,7
 2461,12
 2462,11
 2463,12
 2464,13
 2465,10
 2466,12
 2467,11
 2468,12
 2469,13
 2470,9
 2471,12
 2472,11
 2473,12
 2474,13
 2475,10
 2476,12
 2477,11
 2478,12
 2479,13
 2480,8
 2481,12
 2482,11
 2483,12
 2484,13
 2485,10
 2486,12
 2487,11
 2488,12
 2489,13
 2490,9
 2491,12
 2492,11
 2493,12
 2494,13
 2495,10
 2496,12
 2497,11
 2498,12
 2499,13
 2500,1
 2501,12
 2502,11
 2503,12
 2504,10
 2505,12
 2506,11
 2507,12
 2508,13
 2509,9
 2510,12
 2511,11
 2512,12
 2513,13
 2514,10
 2515,12
 2516,11
 2517,12
 2518,13
 2519,8
 2520,12
 2521,11
 2522,12
 2523,13
 2524,10
 2525,12
 2526,11
 2527,12
 2528,13
 2529,9
 2530,12
 2531,11
 2532,12
 2533,13
 2534,10
 2535,12
 2536,11
 2537,12
 2538,13
 2539,7
 2540,12
 2541,11
 2542,12
 2543,10
 2544,12
 2545,11
 2546,12
 2547,13
 2548,9
 2549,12
 2550,11
 2551,12
 2552,13
 2553,10
 2554,12
 2555,11
 2556,12
 2557,13
 2558,8
 2559,12
 2560,11
 2561,12
 2562,13
 2563,10
 2564,12
 2565,11
 2566,12
 2567,13
 2568,9
 2569,12
 2570,11
 2571,12
 2572,13
 2573,10
 2574,12
 2575,11
 2576,12
 2577,13
 2578,6
 2579,12
 2580,11
 2581,12
 2582,10
 2583,12
 2584,11
 2585,12
 2586,13
 2587,9
 2588,12
 2589,11
 2590,12
 2591,13
 2592,10
 2593,12
 2594,11
 2595,12
 2596,13
 2597,8
 2598,12
 2599,11
 2600,12
 2601,13
 2602,10
 2603,12
 2604,11
 2605,12
 2606,13
 2607,9
 2608,12
 2609,11
 2610,12
 2611,13
 2612,10
 2613,12
 2614,11
 2615,12
 2616,13
 2617,7
 2618,12
 2619,11
 2620,12
 2621,10
 2622,12
 2623,11
 2624,12
 2625,13
 2626,9
 2627,12
 2628,11
 2629,12
 2630,13
 2631,10
 2632,12
 2633,11
 2634,12
 2635,13
 2636,8
 2637,12
 2638,11
 2639,12
 2640,13
 2641,10
 2642,12
 2643,11
 2644,12
 2645,13
 2646,9
 2647,12
 2648,11
 2649,12
 2650,13
 2651,10
 2652,12
 2653,11
 2654,12
 2655,13
 2656,5
 2657,12
 2658,11
 2659,12
 2660,10
 2661,12
 2662,11
 2663,12
 2664,13
 2665,9
 2666,12
 2667,11
 2668,12
 2669,13
 2670,10
 2671,12
 2672,11
 2673,12
 2674,13
 2675,8
 2676,12
 2677,11
 2678,12
 2679,13
 2680,10
 2681,12
 2682,11
 2683,12
 2684,13
 2685,9
 2686,12
 2687,11
 2688,12
 2689,13
 2690,10
 2691,12
 2692,11
 2693,12
 2694,13
 2695,7
 2696,12
 2697,11
 2698,12
 2699,10
 2700,12
 2701,11
 2702,12
 2703,13
 2704,9
 2705,12
 2706,11
 2707,12
 2708,13
 2709,10
 2710,12
 2711,11
 2712,12
 2713,13
 2714,8
 2715,12
 2716,11
 2717,12
 2718,13
 2719,10
 2720,12
 2721,11
 2722,12
 2723,13
 2724,9
 2725,12
 2726,11
 2727,12
 2728,13
 2729,10
 2730,12
 2731,11
 2732,12
 2733,13
 2734,6
 2735,12
 2736,11
 2737,12
 2738,10
 2739,12
 2740,11
 2741,12
 2742,13
 2743,9
 2744,12
 2745,11
 2746,12
 2747,13
 2748,10
 2749,12
 2750,11
 2751,12
 2752,13
 2753,8
 2754,12
 2755,11
 2756,12
 2757,13
 2758,10
 2759,12
 2760,11
 2761,12
 2762,13
 2763,9
 2764,12
 2765,11
 2766,12
 2767,13
 2768,10
 2769,12
 2770,11
 2771,12
 2772,13
 2773,7
 2774,12
 2775,11
 2776,12
 2777,10
 2778,12
 2779,11
 2780,12
 2781,13
 2782,9
 2783,12
 2784,11
 2785,12
 2786,13
 2787,10
 2788,12
 2789,11
 2790,12
 2791,13
 2792,8
 2793,12
 2794,11
 2795,12
 2796,13
 2797,10
 2798,12
 2799,11
 2800,12
 2801,13
 2802,9
 2803,12
 2804,11
 2805,12
 2806,13
 2807,10
 2808,12
 2809,11
 2810,12
 2811,13
 2812,4
 2813,12
 2814,11
 2815,12
 2816,10
 2817,12
 2818,11
 2819,12
 2820,13
 2821,9
 2822,12
 2823,11
 2824,12
 2825,13
 2826,10
 2827,12
 2828,11
 2829,12
 2830,13
 2831,8
 2832,12
 2833,11
 2834,12
 2835,13
 2836,10
 2837,12
 2838,11
 2839,12
 2840,13
 2841,9
 2842,12
 2843,11
 2844,12
 2845,13
 2846,10
 2847,12
 2848,11
 2849,12
 2850,13
 2851,7
 2852,12
 2853,11
 2854,12
 2855,10
 2856,12
 2857,11
 2858,12
 2859,13
 2860,9
 2861,12
 2862,11
 2863,12
 2864,13
 2865,10
 2866,12
 2867,11
 2868,12
 2869,13
 2870,8
 2871,12
 2872,11
 2873,12
 2874,13
 2875,10
 2876,12
 2877,11
 2878,12
 2879,13
 2880,9
 2881,12
 2882,11
 2883,12
 2884,13
 2885,10
 2886,12
 2887,11
 2888,12
 2889,13
 2890,6
 2891,12
 2892,11
 2893,12
 2894,10
 2895,12
 2896,11
 2897,12
 2898,13
 2899,9
 2900,12
 2901,11
 2902,12
 2903,13
 2904,10
 2905,12
 2906,11
 2907,12
 2908,13
 2909,8
 2910,12
 2911,11
 2912,12
 2913,13
 2914,10
 2915,12
 2916,11
 2917,12
 2918,13
 2919,9
 2920,12
 2921,11
 2922,12
 2923,13
 2924,10
 2925,12
 2926,11
 2927,12
 2928,13
 2929,7
 2930,12
 2931,11
 2932,12
 2933,10
 2934,12
 2935,11
 2936,12
 2937,13
 2938,9
 2939,12
 2940,11
 2941,12
 2942,13
 2943,10
 2944,12
 2945,11
 2946,12
 2947,13
 2948,8
 2949,12
 2950,11
 2951,12
 2952,13
 2953,10
 2954,12
 2955,11
 2956,12
 2957,13
 2958,9
 2959,12
 2960,11
 2961,12
 2962,13
 2963,10
 2964,12
 2965,11
 2966,12
 2967,13
 2968,5
 2969,12
 2970,11
 2971,12
 2972,10
 2973,12
 2974,11
 2975,12
 2976,13
 2977,9
 2978,12
 2979,11
 2980,12
 2981,13
 2982,10
 2983,12
 2984,11
 2985,12
 2986,13
 2987,8
 2988,12
 2989,11
 2990,12
 2991,13
 2992,10
 2993,12
 2994,11
 2995,12
 2996,13
 2997,9
 2998,12
 2999,11
 3000,12
 3001,13
 3002,10
 3003,12
 3004,11
 3005,12
 3006,13
 3007,7
 3008,12
 3009,11
 3010,12
 3011,10
 3012,12
 3013,11
 3014,12
 3015,13
 3016,9
 3017,12
 3018,11
 3019,12
 3020,13
 3021,10
 3022,12
 3023,11
 3024,12
 3025,13
 3026,8
 3027,12
 3028,11
 3029,12
 3030,13
 3031,10
 3032,12
 3033,11
 3034,12
 3035,13
 3036,9
 3037,12
 3038,11
 3039,12
 3040,13
 3041,10
 3042,12
 3043,11
 3044,12
 3045,13
 3046,6
 3047,12
 3048,11
 3049,12
 3050,10
 3051,12
 3052,11
 3053,12
 3054,13
 3055,9
 3056,12
 3057,11
 3058,12
 3059,13
 3060,10
 3061,12
 3062,11
 3063,12
 3064,13
 3065,8
 3066,12
 3067,11
 3068,12
 3069,13
 3070,10
 3071,12
 3072,11
 3073,12
 3074,13
 3075,9
 3076,12
 3077,11
 3078,12
 3079,13
 3080,10
 3081,12
 3082,11
 3083,12
 3084,13
 3085,7
 3086,12
 3087,11
 3088,12
 3089,13
 3090,10
 3091,12
 3092,11
 3093,12
 3094,13
 3095,9
 3096,12
 3097,11
 3098,12
 3099,13
 3100,10
 3101,12
 3102,11
 3103,12
 3104,13
 3105,8
 3106,12
 3107,11
 3108,12
 3109,13
 3110,10
 3111,12
 3112,11
 3113,12
 3114,13
 3115,9
 3116,12
 3117,11
 3118,12
 3119,13
 3120,10
 3121,12
 3122,11
 3123,12
 3124,13
 3125,3
 3126,12
 3127,11
 3128,12
 3129,10
 3130,12
 3131,11
 3132,12
 3133,13
 3134,9
 3135,12
 3136,11
 3137,12
 3138,13
 3139,10
 3140,12
 3141,11
 3142,12
 3143,13
 3144,8
 3145,12
 3146,11
 3147,12
 3148,13
 3149,10
 3150,12
 3151,11
 3152,12
 3153,13
 3154,9
 3155,12
 3156,11
 3157,12
 3158,13
 3159,10
 3160,12
 3161,11
 3162,12
 3163,13
 3164,7
 3165,12
 3166,11
 3167,12
 3168,10
 3169,12
 3170,11
 3171,12
 3172,13
 3173,9
 3174,12
 3175,11
 3176,12
 3177,13
 3178,10
 3179,12
 3180,11
 3181,12
 3182,13
 3183,8
 3184,12
 3185,11
 3186,12
 3187,13
 3188,10
 3189,12
 3190,11
 3191,12
 3192,13
 3193,9
 3194,12
 3195,11
 3196,12
 3197,13
 3198,10
 3199,12
 3200,11
 3201,12
 3202,13
 3203,6
 3204,12
 3205,11
 3206,12
 3207,10
 3208,12
 3209,11
 3210,12
 3211,13
 3212,9
 3213,12
 3214,11
 3215,12
 3216,13
 3217,10
 3218,12
 3219,11
 3220,12
 3221,13
 3222,8
 3223,12
 3224,11
 3225,12
 3226,13
 3227,10
 3228,12
 3229,11
 3230,12
 3231,13
 3232,9
 3233,12
 3234,11
 3235,12
 3236,13
 3237,10
 3238,12
 3239,11
 3240,12
 3241,13
 3242,7
 3243,12
 3244,11
 3245,12
 3246,10
 3247,12
 3248,11
 3249,12
 3250,13
 3251,9
 3252,12
 3253,11
 3254,12
 3255,13
 3256,10
 3257,12
 3258,11
 3259,12
 3260,13
 3261,8
 3262,12
 3263,11
 3264,12
 3265,13
 3266,10
 3267,12
 3268,11
 3269,12
 3270,13
 3271,9
 3272,12
 3273,11
 3274,12
 3275,13
 3276,10
 3277,12
 3278,11
 3279,12
 3280,13
 3281,5
 3282,12
 3283,11
 3284,12
 3285,10
 3286,12
 3287,11
 3288,12
 3289,13
 3290,9
 3291,12
 3292,11
 3293,12
 3294,13
 3295,10
 3296,12
 3297,11
 3298,12
 3299,13
 3300,8
 3301,12
 3302,11
 3303,12
 3304,13
 3305,10
 3306,12
 3307,11
 3308,12
 3309,13
 3310,9
 3311,12
 3312,11
 3313,12
 3314,13
 3315,10
 3316,12
 3317,11
 3318,12
 3319,13
 3320,7
 3321,12
 3322,11
 3323,12
 3324,10
 3325,12
 3326,11
 3327,12
 3328,13
 3329,9
 3330,12
 3331,11
 3332,12
 3333,13
 3334,10
 3335,12
 3336,11
 3337,12
 3338,13
 3339,8
 3340,12
 3341,11
 3342,12
 3343,13
 3344,10
 3345,12
 3346,11
 3347,12
 3348,13
 3349,9
 3350,12
 3351,11
 3352,12
 3353,13
 3354,10
 3355,12
 3356,11
 3357,12
 3358,13
 3359,6
 3360,12
 3361,11
 3362,12
 3363,10
 3364,12
 3365,11
 3366,12
 3367,13
 3368,9
 3369,12
 3370,11
 3371,12
 3372,13
 3373,10
 3374,12
 3375,11
 3376,12
 3377,13
 3378,8
 3379,12
 3380,11
 3381,12
 3382,13
 3383,10
 3384,12
 3385,11
 3386,12
 3387,13
 3388,9
 3389,12
 3390,11
 3391,12
 3392,13
 3393,10
 3394,12
 3395,11
 3396,12
 3397,13
 3398,7
 3399,12
 3400,11
 3401,12
 3402,10
 3403,12
 3404,11
 3405,12
 3406,13
 3407,9
 3408,12
 3409,11
 3410,12
 3411,13
 3412,10
 3413,12
 3414,11
 3415,12
 3416,13
 3417,8
 3418,12
 3419,11
 3420,12
 3421,13
 3422,10
 3423,12
 3424,11
 3425,12
 3426,13
 3427,9
 3428,12
 3429,11
 3430,12
 3431,13
 3432,10
 3433,12
 3434,11
 3435,12
 3436,13
 3437,4
 3438,12
 3439,11
 3440,12
 3441,10
 3442,12
 3443,11
 3444,12
 3445,13
 3446,9
 3447,12
 3448,11
 3449,12
 3450,13
 3451,10
 3452,12
 3453,11
 3454,12
 3455,13
 3456,8
 3457,12
 3458,11
 3459,12
 3460,13
 3461,10
 3462,12
 3463,11
 3464,12
 3465,13
 3466,9
 3467,12
 3468,11
 3469,12
 3470,13
 3471,10
 3472,12
 3473,11
 3474,12
 3475,13
 3476,7
 3477,12
 3478,11
 3479,12
 3480,10
 3481,12
 3482,11
 3483,12
 3484,13
 3485,9
 3486,12
 3487,11
 3488,12
 3489,13
 3490,10
 3491,12
 3492,11
 3493,12
 3494,13
 3495,8
 3496,12
 3497,11
 3498,12
 3499,13
 3500,10
 3501,12
 3502,11
 3503,12
 3504,13
 3505,9
 3506,12
 3507,11
 3508,12
 3509,13
 3510,10
 3511,12
 3512,11
 3513,12
 3514,13
 3515,6
 3516,12
 3517,11
 3518,12
 3519,10
 3520,12
 3521,11
 3522,12
 3523,13
 3524,9
 3525,12
 3526,11
 3527,12
 3528,13
 3529,10
 3530,12
 3531,11
 3532,12
 3533,13
 3534,8
 3535,12
 3536,11
 3537,12
 3538,13
 3539,10
 3540,12
 3541,11
 3542,12
 3543,13
 3544,9
 3545,12
 3546,11
 3547,12
 3548,13
 3549,10
 3550,12
 3551,11
 3552,12
 3553,13
 3554,7
 3555,12
 3556,11
 3557,12
 3558,10
 3559,12
 3560,11
 3561,12
 3562,13
 3563,9
 3564,12
 3565,11
 3566,12
 3567,13
 3568,10
 3569,12
 3570,11
 3571,12
 3572,13
 3573,8
 3574,12
 3575,11
 3576,12
 3577,13
 3578,10
 3579,12
 3580,11
 3581,12
 3582,13
 3583,9
 3584,12
 3585,11
 3586,12
 3587,13
 3588,10
 3589,12
 3590,11
 3591,12
 3592,13
 3593,5
 3594,12
 3595,11
 3596,12
 3597,10
 3598,12
 3599,11
 3600,12
 3601,13
 3602,9
 3603,12
 3604,11
 3605,12
 3606,13
 3607,10
 3608,12
 3609,11
 3610,12
 3611,13
 3612,8
 3613,12
 3614,11
 3615,12
 3616,13
 3617,10
 3618,12
 3619,11
 3620,12
 3621,13
 3622,9
 3623,12
 3624,11
 3625,12
 3626,13
 3627,10
 3628,12
 3629,11
 3630,12
 3631,13
 3632,7
 3633,12
 3634,11
 3635,12
 3636,10
 3637,12
 3638,11
 3639,12
 3640,13
 3641,9
 3642,12
 3643,11
 3644,12
 3645,13
 3646,10
 3647,12
 3648,11
 3649,12
 3650,13
 3651,8
 3652,12
 3653,11
 3654,12
 3655,13
 3656,10
 3657,12
 3658,11
 3659,12
 3660,13
 3661,9
 3662,12
 3663,11
 3664,12
 3665,13
 3666,10
 3667,12
 3668,11
 3669,12
 3670,13
 3671,6
 3672,12
 3673,11
 3674,12
 3675,10
 3676,12
 3677,11
 3678,12
 3679,13
 3680,9
 3681,12
 3682,11
 3683,12
 3684,13
 3685,10
 3686,12
 3687,11
 3688,12
 3689,13
 3690,8
 3691,12
 3692,11
 3693,12
 3694,13
 3695,10
 3696,12
 3697,11
 3698,12
 3699,13
 3700,9
 3701,12
 3702,11
 3703,12
 3704,13
 3705,10
 3706,12
 3707,11
 3708,12
 3709,13
 3710,7
 3711,12
 3712,11
 3713,12
 3714,13
 3715,10
 3716,12
 3717,11
 3718,12
 3719,13
 3720,9
 3721,12
 3722,11
 3723,12
 3724,13
 3725,10
 3726,12
 3727,11
 3728,12
 3729,13
 3730,8
 3731,12
 3732,11
 3733,12
 3734,13
 3735,10
 3736,12
 3737,11
 3738,12
 3739,13
 3740,9
 3741,12
 3742,11
 3743,12
 3744,13
 3745,10
 3746,12
 3747,11
 3748,12
 3749,13
 3750,2
 3751,12
 3752,11
 3753,12
 3754,10
 3755,12
 3756,11
 3757,12
 3758,13
 3759,9
 3760,12
 3761,11
 3762,12
 3763,13
 3764,10
 3765,12
 3766,11
 3767,12
 3768,13
 3769,8
 3770,12
 3771,11
 3772,12
 3773,13
 3774,10
 3775,12
 3776,11
 3777,12
 3778,13
 3779,9
 3780,12
 3781,11
 3782,12
 3783,13
 3784,10
 3785,12
 3786,11
 3787,12
 3788,13
 3789,7
 3790,12
 3791,11
 3792,12
 3793,10
 3794,12
 3795,11
 3796,12
 3797,13
 3798,9
 3799,12
 3800,11
 3801,12
 3802,13
 3803,10
 3804,12
 3805,11
 3806,12
 3807,13
 3808,8
 3809,12
 3810,11
 3811,12
 3812,13
 3813,10
 3814,12
 3815,11
 3816,12
 3817,13
 3818,9
 3819,12
 3820,11
 3821,12
 3822,13
 3823,10
 3824,12
 3825,11
 3826,12
 3827,13
 3828,6
 3829,12
 3830,11
 3831,12
 3832,10
 3833,12
 3834,11
 3835,12
 3836,13
 3837,9
 3838,12
 3839,11
 3840,12
 3841,13
 3842,10
 3843,12
 3844,11
 3845,12
 3846,13
 3847,8
 3848,12
 3849,11
 3850,12
 3851,13
 3852,10
 3853,12
 3854,11
 3855,12
 3856,13
 3857,9
 3858,12
 3859,11
 3860,12
 3861,13
 3862,10
 3863,12
 3864,11
 3865,12
 3866,13
 3867,7
 3868,12
 3869,11
 3870,12
 3871,10
 3872,12
 3873,11
 3874,12
 3875,13
 3876,9
 3877,12
 3878,11
 3879,12
 3880,13
 3881,10
 3882,12
 3883,11
 3884,12
 3885,13
 3886,8
 3887,12
 3888,11
 3889,12
 3890,13
 3891,10
 3892,12
 3893,11
 3894,12
 3895,13
 3896,9
 3897,12
 3898,11
 3899,12
 3900,13
 3901,10
 3902,12
 3903,11
 3904,12
 3905,13
 3906,5
 3907,12
 3908,11
 3909,12
 3910,10
 3911,12
 3912,11
 3913,12
 3914,13
 3915,9
 3916,12
 3917,11
 3918,12
 3919,13
 3920,10
 3921,12
 3922,11
 3923,12
 3924,13
 3925,8
 3926,12
 3927,11
 3928,12
 3929,13
 3930,10
 3931,12
 3932,11
 3933,12
 3934,13
 3935,9
 3936,12
 3937,11
 3938,12
 3939,13
 3940,10
 3941,12
 3942,11
 3943,12
 3944,13
 3945,7
 3946,12
 3947,11
 3948,12
 3949,10
 3950,12
 3951,11
 3952,12
 3953,13
 3954,9
 3955,12
 3956,11
 3957,12
 3958,13
 3959,10
 3960,12
 3961,11
 3962,12
 3963,13
 3964,8
 3965,12
 3966,11
 3967,12
 3968,13
 3969,10
 3970,12
 3971,11
 3972,12
 3973,13
 3974,9
 3975,12
 3976,11
 3977,12
 3978,13
 3979,10
 3980,12
 3981,11
 3982,12
 3983,13
 3984,6
 3985,12
 3986,11
 3987,12
 3988,10
 3989,12
 3990,11
 3991,12
 3992,13
 3993,9
 3994,12
 3995,11
 3996,12
 3997,13
 3998,10
 3999,12
 4000,11
 4001,12
 4002,13
 4003,8
 4004,12
 4005,11
 4006,12
 4007,13
 4008,10
 4009,12
 4010,11
 4011,12
 4012,13
 4013,9
 4014,12
 4015,11
 4016,12
 4017,13
 4018,10
 4019,12
 4020,11
 4021,12
 4022,13
 4023,7
 4024,12
 4025,11
 4026,12
 4027,10
 4028,12
 4029,11
 4030,12
 4031,13
 4032,9
 4033,12
 4034,11
 4035,12
 4036,13
 4037,10
 4038,12
 4039,11
 4040,12
 4041,13
 4042,8
 4043,12
 4044,11
 4045,12
 4046,13
 4047,10
 4048,12
 4049,11
 4050,12
 4051,13
 4052,9
 4053,12
 4054,11
 4055,12
 4056,13
 4057,10
 4058,12
 4059,11
 4060,12
 4061,13
 4062,4
 4063,12
 4064,11
 4065,12
 4066,10
 4067,12
 4068,11
 4069,12
 4070,13
 4071,9
 4072,12
 4073,11
 4074,12
 4075,13
 4076,10
 4077,12
 4078,11
 4079,12
 4080,13
 4081,8
 4082,12
 4083,11
 4084,12
 4085,13
 4086,10
 4087,12
 4088,11
 4089,12
 4090,13
 4091,9
 4092,12
 4093,11
 4094,12
 4095,13
 4096,10
 4097,12
 4098,11
 4099,12
 4100,13
 4101,7
 4102,12
 4103,11
 4104,12
 4105,10
 4106,12
 4107,11
 4108,12
 4109,13
 4110,9
 4111,12
 4112,11
 4113,12
 4114,13
 4115,10
 4116,12
 4117,11
 4118,12
 4119,13
 4120,8
 4121,12
 4122,11
 4123,12
 4124,13
 4125,10
 4126,12
 4127,11
 4128,12
 4129,13
 4130,9
 4131,12
 4132,11
 4133,12
 4134,13
 4135,10
 4136,12
 4137,11
 4138,12
 4139,13
 4140,6
 4141,12
 4142,11
 4143,12
 4144,10
 4145,12
 4146,11
 4147,12
 4148,13
 4149,9
 4150,12
 4151,11
 4152,12
 4153,13
 4154,10
 4155,12
 4156,11
 4157,12
 4158,13
 4159,8
 4160,12
 4161,11
 4162,12
 4163,13
 4164,10
 4165,12
 4166,11
 4167,12
 4168,13
 4169,9
 4170,12
 4171,11
 4172,12
 4173,13
 4174,10
 4175,12
 4176,11
 4177,12
 4178,13
 4179,7
 4180,12
 4181,11
 4182,12
 4183,10
 4184,12
 4185,11
 4186,12
 4187,13
 4188,9
 4189,12
 4190,11
 4191,12
 4192,13
 4193,10
 4194,12
 4195,11
 4196,12
 4197,13
 4198,8
 4199,12
 4200,11
 4201,12
 4202,13
 4203,10
 4204,12
 4205,11
 4206,12
 4207,13
 4208,9
 4209,12
 4210,11
 4211,12
 4212,13
 4213,10
 4214,12
 4215,11
 4216,12
 4217,13
 4218,5
 4219,12
 4220,11
 4221,12
 4222,10
 4223,12
 4224,11
 4225,12
 4226,13
 4227,9
 4228,12
 4229,11
 4230,12
 4231,13
 4232,10
 4233,12
 4234,11
 4235,12
 4236,13
 4237,8
 4238,12
 4239,11
 4240,12
 4241,13
 4242,10
 4243,12
 4244,11
 4245,12
 4246,13
 4247,9
 4248,12
 4249,11
 4250,12
 4251,13
 4252,10
 4253,12
 4254,11
 4255,12
 4256,13
 4257,7
 4258,12
 4259,11
 4260,12
 4261,10
 4262,12
 4263,11
 4264,12
 4265,13
 4266,9
 4267,12
 4268,11
 4269,12
 4270,13
 4271,10
 4272,12
 4273,11
 4274,12
 4275,13
 4276,8
 4277,12
 4278,11
 4279,12
 4280,13
 4281,10
 4282,12
 4283,11
 4284,12
 4285,13
 4286,9
 4287,12
 4288,11
 4289,12
 4290,13
 4291,10
 4292,12
 4293,11
 4294,12
 4295,13
 4296,6
 4297,12
 4298,11
 4299,12
 4300,10
 4301,12
 4302,11
 4303,12
 4304,13
 4305,9
 4306,12
 4307,11
 4308,12
 4309,13
 4310,10
 4311,12
 4312,11
 4313,12
 4314,13
 4315,8
 4316,12
 4317,11
 4318,12
 4319,13
 4320,10
 4321,12
 4322,11
 4323,12
 4324,13
 4325,9
 4326,12
 4327,11
 4328,12
 4329,13
 4330,10
 4331,12
 4332,11
 4333,12
 4334,13
 4335,7
 4336,12
 4337,11
 4338,12
 4339,13
 4340,10
 4341,12
 4342,11
 4343,12
 4344,13
 4345,9
 4346,12
 4347,11
 4348,12
 4349,13
 4350,10
 4351,12
 4352,11
 4353,12
 4354,13
 4355,8
 4356,12
 4357,11
 4358,12
 4359,13
 4360,10
 4361,12
 4362,11
 4363,12
 4364,13
 4365,9
 4366,12
 4367,11
 4368,12
 4369,13
 4370,10
 4371,12
 4372,11
 4373,12
 4374,13
 4375,3
 4376,12
 4377,11
 4378,12
 4379,10
 4380,12
 4381,11
 4382,12
 4383,13
 4384,9
 4385,12
 4386,11
 4387,12
 4388,13
 4389,10
 4390,12
 4391,11
 4392,12
 4393,13
 4394,8
 4395,12
 4396,11
 4397,12
 4398,13
 4399,10
 4400,12
 4401,11
 4402,12
 4403,13
 4404,9
 4405,12
 4406,11
 4407,12
 4408,13
 4409,10
 4410,12
 4411,11
 4412,12
 4413,13
 4414,7
 4415,12
 4416,11
 4417,12
 4418,10
 4419,12
 4420,11
 4421,12
 4422,13
 4423,9
 4424,12
 4425,11
 4426,12
 4427,13
 4428,10
 4429,12
 4430,11
 4431,12
 4432,13
 4433,8
 4434,12
 4435,11
 4436,12
 4437,13
 4438,10
 4439,12
 4440,11
 4441,12
 4442,13
 4443,9
 4444,12
 4445,11
 4446,12
 4447,13
 4448,10
 4449,12
 4450,11
 4451,12
 4452,13
 4453,6
 4454,12
 4455,11
 4456,12
 4457,10
 4458,12
 4459,11
 4460,12
 4461,13
 4462,9
 4463,12
 4464,11
 4465,12
 4466,13
 4467,10
 4468,12
 4469,11
 4470,12
 4471,13
 4472,8
 4473,12
 4474,11
 4475,12
 4476,13
 4477,10
 4478,12
 4479,11
 4480,12
 4481,13
 4482,9
 4483,12
 4484,11
 4485,12
 4486,13
 4487,10
 4488,12
 4489,11
 4490,12
 4491,13
 4492,7
 4493,12
 4494,11
 4495,12
 4496,10
 4497,12
 4498,11
 4499,12
 4500,13
 4501,9
 4502,12
 4503,11
 4504,12
 4505,13
 4506,10
 4507,12
 4508,11
 4509,12
 4510,13
 4511,8
 4512,12
 4513,11
 4514,12
 4515,13
 4516,10
 4517,12
 4518,11
 4519,12
 4520,13
 4521,9
 4522,12
 4523,11
 4524,12
 4525,13
 4526,10
 4527,12
 4528,11
 4529,12
 4530,13
 4531,5
 4532,12
 4533,11
 4534,12
 4535,10
 4536,12
 4537,11
 4538,12
 4539,13
 4540,9
 4541,12
 4542,11
 4543,12
 4544,13
 4545,10
 4546,12
 4547,11
 4548,12
 4549,13
 4550,8
 4551,12
 4552,11
 4553,12
 4554,13
 4555,10
 4556,12
 4557,11
 4558,12
 4559,13
 4560,9
 4561,12
 4562,11
 4563,12
 4564,13
 4565,10
 4566,12
 4567,11
 4568,12
 4569,13
 4570,7
 4571,12
 4572,11
 4573,12
 4574,10
 4575,12
 4576,11
 4577,12
 4578,13
 4579,9
 4580,12
 4581,11
 4582,12
 4583,13
 4584,10
 4585,12
 4586,11
 4587,12
 4588,13
 4589,8
 4590,12
 4591,11
 4592,12
 4593,13
 4594,10
 4595,12
 4596,11
 4597,12
 4598,13
 4599,9
 4600,12
 4601,11
 4602,12
 4603,13
 4604,10
 4605,12
 4606,11
 4607,12
 4608,13
 4609,6
 4610,12
 4611,11
 4612,12
 4613,10
 4614,12
 4615,11
 4616,12
 4617,13
 4618,9
 4619,12
 4620,11
 4621,12
 4622,13
 4623,10
 4624,12
 4625,11
 4626,12
 4627,13
 4628,8
 4629,12
 4630,11
 4631,12
 4632,13
 4633,10
 4634,12
 4635,11
 4636,12
 4637,13
 4638,9
 4639,12
 4640,11
 4641,12
 4642,13
 4643,10
 4644,12
 4645,11
 4646,12
 4647,13
 4648,7
 4649,12
 4650,11
 4651,12
 4652,13
 4653,10
 4654,12
 4655,11
 4656,12
 4657,13
 4658,9
 4659,12
 4660,11
 4661,12
 4662,13
 4663,10
 4664,12
 4665,11
 4666,12
 4667,13
 4668,8
 4669,12
 4670,11
 4671,12
 4672,13
 4673,10
 4674,12
 4675,11
 4676,12
 4677,13
 4678,9
 4679,12
 4680,11
 4681,12
 4682,13
 4683,10
 4684,12
 4685,11
 4686,12
 4687,13
 4688,4
 4689,12
 4690,11
 4691,12
 4692,10
 4693,12
 4694,11
 4695,12
 4696,13
 4697,9
 4698,12
 4699,11
 4700,12
 4701,13
 4702,10
 4703,12
 4704,11
 4705,12
 4706,13
 4707,8
 4708,12
 4709,11
 4710,12
 4711,13
 4712,10
 4713,12
 4714,11
 4715,12
 4716,13
 4717,9
 4718,12
 4719,11
 4720,12
 4721,13
 4722,10
 4723,12
 4724,11
 4725,12
 4726,13
 4727,7
 4728,12
 4729,11
 4730,12
 4731,10
 4732,12
 4733,11
 4734,12
 4735,13
 4736,9
 4737,12
 4738,11
 4739,12
 4740,13
 4741,10
 4742,12
 4743,11
 4744,12
 4745,13
 4746,8
 4747,12
 4748,11
 4749,12
 4750,13
 4751,10
 4752,12
 4753,11
 4754,12
 4755,13
 4756,9
 4757,12
 4758,11
 4759,12
 4760,13
 4761,10
 4762,12
 4763,11
 4764,12
 4765,13
 4766,6
 4767,12
 4768,11
 4769,12
 4770,10
 4771,12
 4772,11
 4773,12
 4774,13
 4775,9
 4776,12
 4777,11
 4778,12
 4779,13
 4780,10
 4781,12
 4782,11
 4783,12
 4784,13
 4785,8
 4786,12
 4787,11
 4788,12
 4789,13
 4790,10
 4791,12
 4792,11
 4793,12
 4794,13
 4795,9
 4796,12
 4797,11
 4798,12
 4799,13
 4800,10
 4801,12
 4802,11
 4803,12
 4804,13
 4805,7
 4806,12
 4807,11
 4808,12
 4809,10
 4810,12
 4811,11
 4812,12
 4813,13
 4814,9
 4815,12
 4816,11
 4817,12
 4818,13
 4819,10
 4820,12
 4821,11
 4822,12
 4823,13
 4824,8
 4825,12
 4826,11
 4827,12
 4828,13
 4829,10
 4830,12
 4831,11
 4832,12
 4833,13
 4834,9
 4835,12
 4836,11
 4837,12
 4838,13
 4839,10
 4840,12
 4841,11
 4842,12
 4843,13
 4844,5
 4845,12
 4846,11
 4847,12
 4848,10
 4849,12
 4850,11
 4851,12
 4852,13
 4853,9
 4854,12
 4855,11
 4856,12
 4857,13
 4858,10
 4859,12
 4860,11
 4861,12
 4862,13
 4863,8
 4864,12
 4865,11
 4866,12
 4867,13
 4868,10
 4869,12
 4870,11
 4871,12
 4872,13
 4873,9
 4874,12
 4875,11
 4876,12
 4877,13
 4878,10
 4879,12
 4880,11
 4881,12
 4882,13
 4883,7
 4884,12
 4885,11
 4886,12
 4887,10
 4888,12
 4889,11
 4890,12
 4891,13
 4892,9
 4893,12
 4894,11
 4895,12
 4896,13
 4897,10
 4898,12
 4899,11
 4900,12
 4901,13
 4902,8
 4903,12
 4904,11
 4905,12
 4906,13
 4907,10
 4908,12
 4909,11
 4910,12
 4911,13
 4912,9
 4913,12
 4914,11
 4915,12
 4916,13
 4917,10
 4918,12
 4919,11
 4920,12
 4921,13
 4922,6
 4923,12
 4924,11
 4925,12
 4926,10
 4927,12
 4928,11
 4929,12
 4930,13
 4931,9
 4932,12
 4933,11
 4934,12
 4935,13
 4936,10
 4937,12
 4938,11
 4939,12
 4940,13
 4941,8
 4942,12
 4943,11
 4944,12
 4945,13
 4946,10
 4947,12
 4948,11
 4949,12
 4950,13
 4951,9
 4952,12
 4953,11
 4954,12
 4955,13
 4956,10
 4957,12
 4958,11
 4959,12
 4960,13
 4961,7
 4962,12
 4963,11
 4964,12
 4965,13
 4966,10
 4967,12
 4968,11
 4969,12
 4970,13
 4971,9
 4972,12
 4973,11
 4974,12
 4975,13
 4976,10
 4977,12
 4978,11
 4979,12
 4980,13
 4981,8
 4982,12
 4983,11
 4984,12
 4985,13
 4986,10
 4987,12
 4988,11
 4989,12
 4990,13
 4991,9
 4992,12
 4993,11
 4994,12
 4995,13
 4996,10
 4997,12
 4998,11
 4999,12
 5000,13
