 1,13
 2,12
 3,13
 4,11
 5,13
 6,12
 7,13
 8,14
 9,10
 10,13
 11,12
 12,13
 13,14
 14,11
 15,13
 16,12
 17,13
 18,14
 19,9
 20,13
 21,12
 22,13
 23,14
 24,11
 25,13
 26,12
 27,13
 28,14
 29,10
 30,13
 31,12
 32,13
 33,14
 34,11
 35,13
 36,12
 37,13
 38,14
 39,8
 40,13
 41,12
 42,13
 43,11
 44,13
 45,12
 46,13
 47,14
 48,10
 49,13
 50,12
 51,13
 52,14
 53,11
 54,13
 55,12
 56,13
 57,14
 58,9
 59,13
 60,12
 61,13
 62,14
 63,11
 64,13
 65,12
 66,13
 67,14
 68,10
 69,13
 70,12
 71,13
 72,14
 73,11
 74,13
 75,12
 76,13
 77,14
 78,7
 79,13
 80,12
 81,13
 82,11
 83,13
 84,12
 85,13
 86,14
 87,10
 88,13
 89,12
 90,13
 91,14
 92,11
 93,13
 94,12
 95,13
 96,14
 97,9
 98,13
 99,12
 100,13
 101,14
 102,11
 103,13
 104,12
 105,13
 106,14
 107,10
 108,13
 109,12
 110,13
 111,14
 112,11
 113,13
 114,12
 115,13
 116,14
 117,8
 118,13
 119,12
 120,13
 121,11
 122,13
 123,12
 124,13
 125,14
 126,10
 127,13
 128,12
 129,13
 130,14
 131,11
 132,13
 133,12
 134,13
 135,14
 136,9
 137,13
 138,12
 139,13
 140,14
 141,11
 142,13
 143,12
 144,13
 145,14
 146,10
 147,13
 148,12
 149,13
 150,14
 151,11
 152,13
 153,12
 154,13
 155,14
 156,6
 157,13
 158,12
 159,13
 160,11
 161,13
 162,12
 163,13
 164,14
 165,10
 166,13
 167,12
 168,13
 169,14
 170,11
 171,13
 172,12
 173,13
 174,14
 175,9
 176,13
 177,12
 178,13
 179,14
 180,11
 181,13
 182,12
 183,13
 184,14
 185,10
 186,13
 187,12
 188,13
 189,14
 190,11
 191,13
 192,12
 193,13
 194,14
 195,8
 196,13
 197,12
 198,13
 199,11
 200,13
 201,12
 202,13
 203,14
 204,10
 205,13
 206,12
 207,13
 208,14
 209,11
 210,13
 211,12
 212,13
 213,14
 214,9
 215,13
 216,12
 217,13
 218,14
 219,11
 220,13
 221,12
 222,13
 223,14
 224,10
 225,13
 226,12
 227,13
 228,14
 229,11
 230,13
 231,12
 232,13
 233,14
 234,7
 235,13
 236,12
 237,13
 238,11
 239,13
 240,12
 241,13
 242,14
 243,10
 244,13
 245,12
 246,13
 247,14
 248,11
 249,13
 250,12
 251,13
 252,14
 253,9
 254,13
 255,12
 256,13
 257,14
 258,11
 259,13
 260,12
 261,13
 262,14
 263,10
 264,13
 265,12
 266,13
 267,14
 268,11
 269,13
 270,12
 271,13
 272,14
 273,8
 274,13
 275,12
 276,13
 277,11
 278,13
 279,12
 280,13
 281,14
 282,10
 283,13
 284,12
 285,13
 286,14
 287,11
 288,13
 289,12
 290,13
 291,14
 292,9
 293,13
 294,12
 295,13
 296,14
 297,11
 298,13
 299,12
 300,13
 301,14
 302,10
 303,13
 304,12
 305,13
 306,14
 307,11
 308,13
 309,12
 310,13
 311,14
 312,5
 313,13
 314,12
 315,13
 316,11
 317,13
 318,12
 319,13
 320,14
 321,10
 322,13
 323,12
 324,13
 325,14
 326,11
 327,13
 328,12
 329,13
 330,14
 331,9
 332,13
 333,12
 334,13
 335,14
 336,11
 337,13
 338,12
 339,13
 340,14
 341,10
 342,13
 343,12
 344,13
 345,14
 346,11
 347,13
 348,12
 349,13
 350,14
 351,8
 352,13
 353,12
 354,13
 355,11
 356,13
 357,12
 358,13
 359,14
 360,10
 361,13
 362,12
 363,13
 364,14
 365,11
 366,13
 367,12
 368,13
 369,14
 370,9
 371,13
 372,12
 373,13
 374,14
 375,11
 376,13
 377,12
 378,13
 379,14
 380,10
 381,13
 382,12
 383,13
 384,14
 385,11
 386,13
 387,12
 388,13
 389,14
 390,7
 391,13
 392,12
 393,13
 394,11
 395,13
 396,12
 397,13
 398,14
 399,10
 400,13
 401,12
 402,13
 403,14
 404,11
 405,13
 406,12
 407,13
 408,14
 409,9
 410,13
 411,12
 412,13
 413,14
 414,11
 415,13
 416,12
 417,13
 418,14
 419,10
 420,13
 421,12
 422,13
 423,14
 424,11
 425,13
 426,12
 427,13
 428,14
 429,8
 430,13
 431,12
 432,13
 433,11
 434,13
 435,12
 436,13
 437,14
 438,10
 439,13
 440,12
 441,13
 442,14
 443,11
 444,13
 445,12
 446,13
 447,14
 448,9
 449,13
 450,12
 451,13
 452,14
 453,11
 454,13
 455,12
 456,13
 457,14
 458,10
 459,13
 460,12
 461,13
 462,14
 463,11
 464,13
 465,12
 466,13
 467,14
 468,6
 469,13
 470,12
 471,13
 472,11
 473,13
 474,12
 475,13
 476,14
 477,10
 478,13
 479,12
 480,13
 481,14
 482,11
 483,13
 484,12
 485,13
 486,14
 487,9
 488,13
 489,12
 490,13
 491,14
 492,11
 493,13
 494,12
 495,13
 496,14
 497,10
 498,13
 499,12
 500,13
 501,14
 502,11
 503,13
 504,12
 505,13
 506,14
 507,8
 508,13
 509,12
 510,13
 511,11
 512,13
 513,12
 514,13
 515,14
 516,10
 517,13
 518,12
 519,13
 520,14
 521,11
 522,13
 523,12
 524,13
 525,14
 526,9
 527,13
 528,12
 529,13
 530,14
 531,11
 532,13
 533,12
 534,13
 535,14
 536,10
 537,13
 538,12
 539,13
 540,14
 541,11
 542,13
 543,12
 544,13
 545,14
 546,7
 547,13
 548,12
 549,13
 550,11
 551,13
 552,12
 553,13
 554,14
 555,10
 556,13
 557,12
 558,13
 559,14
 560,11
 561,13
 562,12
 563,13
 564,14
 565,9
 566,13
 567,12
 568,13
 569,14
 570,11
 571,13
 572,12
 573,13
 574,14
 575,10
 576,13
 577,12
 578,13
 579,14
 580,11
 581,13
 582,12
 583,13
 584,14
 585,8
 586,13
 587,12
 588,13
 589,14
 590,11
 591,13
 592,12
 593,13
 594,14
 595,10
 596,13
 597,12
 598,13
 599,14
 600,11
 601,13
 602,12
 603,13
 604,14
 605,9
 606,13
 607,12
 608,13
 609,14
 610,11
 611,13
 612,12
 613,13
 614,14
 615,10
 616,13
 617,12
 618,13
 619,14
 620,11
 621,13
 622,12
 623,13
 624,14
 625,4
 626,13
 627,12
 628,13
 629,11
 630,13
 631,12
 632,13
 633,14
 634,10
 635,13
 636,12
 637,13
 638,14
 639,11
 640,13
 641,12
 642,13
 643,14
 644,9
 645,13
 646,12
 647,13
 648,14
 649,11
 650,13
 651,12
 652,13
 653,14
 654,10
 655,13
 656,12
 657,13
 658,14
 659,11
 660,13
 661,12
 662,13
 663,14
 664,8
 665,13
 666,12
 667,13
 668,11
 669,13
 670,12
 671,13
 672,14
 673,10
 674,13
 675,12
 676,13
 677,14
 678,11
 679,13
 680,12
 681,13
 682,14
 683,9
 684,13
 685,12
 686,13
 687,14
 688,11
 689,13
 690,12
 691,13
 692,14
 693,10
 694,13
 695,12
 696,13
 697,14
 698,11
 699,13
 700,12
 701,13
 702,14
 703,7
 704,13
 705,12
 706,13
 707,11
 708,13
 709,12
 710,13
 711,14
 712,10
 713,13
 714,12
 715,13
 716,14
 717,11
 718,13
 719,12
 720,13
 721,14
 722,9
 723,13
 724,12
 725,13
 726,14
 727,11
 728,13
 729,12
 730,13
 731,14
 732,10
 733,13
 734,12
 735,13
 736,14
 737,11
 738,13
 739,12
 740,13
 741,14
 742,8
 743,13
 744,12
 745,13
 746,11
 747,13
 748,12
 749,13
 750,14
 751,10
 752,13
 753,12
 754,13
 755,14
 756,11
 757,13
 758,12
 759,13
 760,14
 761,9
 762,13
 763,12
 764,13
 765,14
 766,11
 767,13
 768,12
 769,13
 770,14
 771,10
 772,13
 773,12
 774,13
 775,14
 776,11
 777,13
 778,12
 779,13
 780,14
 781,6
 782,13
 783,12
 784,13
 785,11
 786,13
 787,12
 788,13
 789,14
 790,10
 791,13
 792,12
 793,13
 794,14
 795,11
 796,13
 797,12
 798,13
 799,14
 800,9
 801,13
 802,12
 803,13
 804,14
 805,11
 806,13
 807,12
 808,13
 809,14
 810,10
 811,13
 812,12
 813,13
 814,14
 815,11
 816,13
 817,12
 818,13
 819,14
 820,8
 821,13
 822,12
 823,13
 824,11
 825,13
 826,12
 827,13
 828,14
 829,10
 830,13
 831,12
 832,13
 833,14
 834,11
 835,13
 836,12
 837,13
 838,14
 839,9
 840,13
 841,12
 842,13
 843,14
 844,11
 845,13
 846,12
 847,13
 848,14
 849,10
 850,13
 851,12
 852,13
 853,14
 854,11
 855,13
 856,12
 857,13
 858,14
 859,7
 860,13
 861,12
 862,13
 863,11
 864,13
 865,12
 866,13
 867,14
 868,10
 869,13
 870,12
 871,13
 872,14
 873,11
 874,13
 875,12
 876,13
 877,14
 878,9
 879,13
 880,12
 881,13
 882,14
 883,11
 884,13
 885,12
 886,13
 887,14
 888,10
 889,13
 890,12
 891,13
 892,14
 893,11
 894,13
 895,12
 896,13
 897,14
 898,8
 899,13
 900,12
 901,13
 902,11
 903,13
 904,12
 905,13
 906,14
 907,10
 908,13
 909,12
 910,13
 911,14
 912,11
 913,13
 914,12
 915,13
 916,14
 917,9
 918,13
 919,12
 920,13
 921,14
 922,11
 923,13
 924,12
 925,13
 926,14
 927,10
 928,13
 929,12
 930,13
 931,14
 932,11
 933,13
 934,12
 935,13
 936,14
 937,5
 938,13
 939,12
 940,13
 941,11
 942,13
 943,12
 944,13
 945,14
 946,10
 947,13
 948,12
 949,13
 950,14
 951,11
 952,13
 953,12
 954,13
 955,14
 956,9
 957,13
 958,12
 959,13
 960,14
 961,11
 962,13
 963,12
 964,13
 965,14
 966,10
 967,13
 968,12
 969,13
 970,14
 971,11
 972,13
 973,12
 974,13
 975,14
 976,8
 977,13
 978,12
 979,13
 980,11
 981,13
 982,12
 983,13
 984,14
 985,10
 986,13
 987,12
 988,13
 989,14
 990,11
 991,13
 992,12
 993,13
 994,14
 995,9
 996,13
 997,12
 998,13
 999,14
 1000,11
 1001,13
 1002,12
 1003,13
 1004,14
 1005,10
 1006,13
 1007,12
 1008,13
 1009,14
 1010,11
 1011,13
 1012,12
 1013,13
 1014,14
 1015,7
 1016,13
 1017,12
 1018,13
 1019,11
 1020,13
 1021,12
 1022,13
 1023,14
 1024,10
 1025,13
 1026,12
 1027,13
 1028,14
 1029,11
 1030,13
 1031,12
 1032,13
 1033,14
 1034,9
 1035,13
 1036,12
 1037,13
 1038,14
 1039,11
 1040,13
 1041,12
 1042,13
 1043,14
 1044,10
 1045,13
 1046,12
 1047,13
 1048,14
 1049,11
 1050,13
 1051,12
 1052,13
 1053,14
 1054,8
 1055,13
 1056,12
 1057,13
 1058,11
 1059,13
 1060,12
 1061,13
 1062,14
 1063,10
 1064,13
 1065,12
 1066,13
 1067,14
 1068,11
 1069,13
 1070,12
 1071,13
 1072,14
 1073,9
 1074,13
 1075,12
 1076,13
 1077,14
 1078,11
 1079,13
 1080,12
 1081,13
 1082,14
 1083,10
 1084,13
 1085,12
 1086,13
 1087,14
 1088,11
 1089,13
 1090,12
 1091,13
 1092,14
 1093,6
 1094,13
 1095,12
 1096,13
 1097,11
 1098,13
 1099,12
 1100,13
 1101,14
 1102,10
 1103,13
 1104,12
 1105,13
 1106,14
 1107,11
 1108,13
 1109,12
 1110,13
 1111,14
 1112,9
 1113,13
 1114,12
 1115,13
 1116,14
 1117,11
 1118,13
 1119,12
 1120,13
 1121,14
 1122,10
 1123,13
 1124,12
 1125,13
 1126,14
 1127,11
 1128,13
 1129,12
 1130,13
 1131,14
 1132,8
 1133,13
 1134,12
 1135,13
 1136,11
 1137,13
 1138,12
 1139,13
 1140,14
 1141,10
 1142,13
 1143,12
 1144,13
 1145,14
 1146,11
 1147,13
 1148,12
 1149,13
 1150,14
 1151,9
 1152,13
 1153,12
 1154,13
 1155,14
 1156,11
 1157,13
 1158,12
 1159,13
 1160,14
 1161,10
 1162,13
 1163,12
 1164,13
 1165,14
 1166,11
 1167,13
 1168,12
 1169,13
 1170,14
 1171,7
 1172,13
 1173,12
 1174,13
 1175,11
 1176,13
 1177,12
 1178,13
 1179,14
 1180,10
 1181,13
 1182,12
 1183,13
 1184,14
 1185,11
 1186,13
 1187,12
 1188,13
 1189,14
 1190,9
 1191,13
 1192,12
 1193,13
 1194,14
 1195,11
 1196,13
 1197,12
 1198,13
 1199,14
 1200,10
 1201,13
 1202,12
 1203,13
 1204,14
 1205,11
 1206,13
 1207,12
 1208,13
 1209,14
 1210,8
 1211,13
 1212,12
 1213,13
 1214,14
 1215,11
 1216,13
 1217,12
 1218,13
 1219,14
 1220,10
 1221,13
 1222,12
 1223,13
 1224,14
 1225,11
 1226,13
 1227,12
 1228,13
 1229,14
 1230,9
 1231,13
 1232,12
 1233,13
 1234,14
 1235,11
 1236,13
 1237,12
 1238,13
 1239,14
 1240,10
 1241,13
 1242,12
 1243,13
 1244,14
 1245,11
 1246,13
 1247,12
 1248,13
 1249,14
 1250,3
 1251,13
 1252,12
 1253,13
 1254,11
 1255,13
 1256,12
 1257,13
 1258,14
 1259,10
 1260,13
 1261,12
 1262,13
 1263,14
 1264,11
 1265,13
 1266,12
 1267,13
 1268,14
 1269,9
 1270,13
 1271,12
 1272,13
 1273,14
 1274,11
 1275,13
 1276,12
 1277,13
 1278,14
 1279,10
 1280,13
 1281,12
 1282,13
 1283,14
 1284,11
 1285,13
 1286,12
 1287,13
 1288,14
 1289,8
 1290,13
 1291,12
 1292,13
 1293,11
 1294,13
 1295,12
 1296,13
 1297,14
 1298,10
 1299,13
 1300,12
 1301,13
 1302,14
 1303,11
 1304,13
 1305,12
 1306,13
 1307,14
 1308,9
 1309,13
 1310,12
 1311,13
 1312,14
 1313,11
 1314,13
 1315,12
 1316,13
 1317,14
 1318,10
 1319,13
 1320,12
 1321,13
 1322,14
 1323,11
 1324,13
 1325,12
 1326,13
 1327,14
 1328,7
 1329,13
 1330,12
 1331,13
 1332,11
 1333,13
 1334,12
 1335,13
 1336,14
 1337,10
 1338,13
 1339,12
 1340,13
 1341,14
 1342,11
 1343,13
 1344,12
 1345,13
 1346,14
 1347,9
 1348,13
 1349,12
 1350,13
 1351,14
 1352,11
 1353,13
 1354,12
 1355,13
 1356,14
 1357,10
 1358,13
 1359,12
 1360,13
 1361,14
 1362,11
 1363,13
 1364,12
 1365,13
 1366,14
 1367,8
 1368,13
 1369,12
 1370,13
 1371,11
 1372,13
 1373,12
 1374,13
 1375,14
 1376,10
 1377,13
 1378,12
 1379,13
 1380,14
 1381,11
 1382,13
 1383,12
 1384,13
 1385,14
 1386,9
 1387,13
 1388,12
 1389,13
 1390,14
 1391,11
 1392,13
 1393,12
 1394,13
 1395,14
 1396,10
 1397,13
 1398,12
 1399,13
 1400,14
 1401,11
 1402,13
 1403,12
 1404,13
 1405,14
 1406,6
 1407,13
 1408,12
 1409,13
 1410,11
 1411,13
 1412,12
 1413,13
 1414,14
 1415,10
 1416,13
 1417,12
 1418,13
 1419,14
 1420,11
 1421,13
 1422,12
 1423,13
 1424,14
 1425,9
 1426,13
 1427,12
 1428,13
 1429,14
 1430,11
 1431,13
 1432,12
 1433,13
 1434,14
 1435,10
 1436,13
 1437,12
 1438,13
 1439,14
 1440,11
 1441,13
 1442,12
 1443,13
 1444,14
 1445,8
 1446,13
 1447,12
 1448,13
 1449,11
 1450,13
 1451,12
 1452,13
 1453,14
 1454,10
 1455,13
 1456,12
 1457,13
 1458,14
 1459,11
 1460,13
 1461,12
 1462,13
 1463,14
 1464,9
 1465,13
 1466,12
 1467,13
 1468,14
 1469,11
 1470,13
 1471,12
 1472,13
 1473,14
 1474,10
 1475,13
 1476,12
 1477,13
 1478,14
 1479,11
 1480,13
 1481,12
 1482,13
 1483,14
 1484,7
 1485,13
 1486,12
 1487,13
 1488,11
 1489,13
 1490,12
 1491,13
 1492,14
 1493,10
 1494,13
 1495,12
 1496,13
 1497,14
 1498,11
 1499,13
 1500,12
 1501,13
 1502,14
 1503,9
 1504,13
 1505,12
 1506,13
 1507,14
 1508,11
 1509,13
 1510,12
 1511,13
 1512,14
 1513,10
 1514,13
 1515,12
 1516,13
 1517,14
 1518,11
 1519,13
 1520,12
 1521,13
 1522,14
 1523,8
 1524,13
 1525,12
 1526,13
 1527,11
 1528,13
 1529,12
 1530,13
 1531,14
 1532,10
 1533,13
 1534,12
 1535,13
 1536,14
 1537,11
 1538,13
 1539,12
 1540,13
 1541,14
 1542,9
 1543,13
 1544,12
 1545,13
 1546,14
 1547,11
 1548,13
 1549,12
 1550,13
 1551,14
 1552,10
 1553,13
 1554,12
 1555,13
 1556,14
 1557,11
 1558,13
 1559,12
 1560,13
 1561,14
 1562,5
 1563,13
 1564,12
 1565,13
 1566,11
 1567,13
 1568,12
 1569,13
 1570,14
 1571,10
 1572,13
 1573,12
 1574,13
 1575,14
 1576,11
 1577,13
 1578,12
 1579,13
 1580,14
 1581,9
 1582,13
 1583,12
 1584,13
 1585,14
 1586,11
 1587,13
 1588,12
 1589,13
 1590,14
 1591,10
 1592,13
 1593,12
 1594,13
 1595,14
 1596,11
 1597,13
 1598,12
 1599,13
 1600,14
 1601,8
 1602,13
 1603,12
 1604,13
 1605,11
 1606,13
 1607,12
 1608,13
 1609,14
 1610,10
 1611,13
 1612,12
 1613,13
 1614,14
 1615,11
 1616,13
 1617,12
 1618,13
 1619,14
 1620,9
 1621,13
 1622,12
 1623,13
 1624,14
 1625,11
 1626,13
 1627,12
 1628,13
 1629,14
 1630,10
 1631,13
 1632,12
 1633,13
 1634,14
 1635,11
 1636,13
 1637,12
 1638,13
 1639,14
 1640,7
 1641,13
 1642,12
 1643,13
 1644,11
 1645,13
 1646,12
 1647,13
 1648,14
 1649,10
 1650,13
 1651,12
 1652,13
 1653,14
 1654,11
 1655,13
 1656,12
 1657,13
 1658,14
 1659,9
 1660,13
 1661,12
 1662,13
 1663,14
 1664,11
 1665,13
 1666,12
 1667,13
 1668,14
 1669,10
 1670,13
 1671,12
 1672,13
 1673,14
 1674,11
 1675,13
 1676,12
 1677,13
 1678,14
 1679,8
 1680,13
 1681,12
 1682,13
 1683,11
 1684,13
 1685,12
 1686,13
 1687,14
 1688,10
 1689,13
 1690,12
 1691,13
 1692,14
 1693,11
 1694,13
 1695,12
 1696,13
 1697,14
 1698,9
 1699,13
 1700,12
 1701,13
 1702,14
 1703,11
 1704,13
 1705,12
 1706,13
 1707,14
 1708,10
 1709,13
 1710,12
 1711,13
 1712,14
 1713,11
 1714,13
 1715,12
 1716,13
 1717,14
 1718,6
 1719,13
 1720,12
 1721,13
 1722,11
 1723,13
 1724,12
 1725,13
 1726,14
 1727,10
 1728,13
 1729,12
 1730,13
 1731,14
 1732,11
 1733,13
 1734,12
 1735,13
 1736,14
 1737,9
 1738,13
 1739,12
 1740,13
 1741,14
 1742,11
 1743,13
 1744,12
 1745,13
 1746,14
 1747,10
 1748,13
 1749,12
 1750,13
 1751,14
 1752,11
 1753,13
 1754,12
 1755,13
 1756,14
 1757,8
 1758,13
 1759,12
 1760,13
 1761,11
 1762,13
 1763,12
 1764,13
 1765,14
 1766,10
 1767,13
 1768,12
 1769,13
 1770,14
 1771,11
 1772,13
 1773,12
 1774,13
 1775,14
 1776,9
 1777,13
 1778,12
 1779,13
 1780,14
 1781,11
 1782,13
 1783,12
 1784,13
 1785,14
 1786,10
 1787,13
 1788,12
 1789,13
 1790,14
 1791,11
 1792,13
 1793,12
 1794,13
 1795,14
 1796,7
 1797,13
 1798,12
 1799,13
 1800,11
 1801,13
 1802,12
 1803,13
 1804,14
 1805,10
 1806,13
 1807,12
 1808,13
 1809,14
 1810,11
 1811,13
 1812,12
 1813,13
 1814,14
 1815,9
 1816,13
 1817,12
 1818,13
 1819,14
 1820,11
 1821,13
 1822,12
 1823,13
 1824,14
 1825,10
 1826,13
 1827,12
 1828,13
 1829,14
 1830,11
 1831,13
 1832,12
 1833,13
 1834,14
 1835,8
 1836,13
 1837,12
 1838,13
 1839,14
 1840,11
 1841,13
 1842,12
 1843,13
 1844,14
 1845,10
 1846,13
 1847,12
 1848,13
 1849,14
 1850,11
 1851,13
 1852,12
 1853,13
 1854,14
 1855,9
 1856,13
 1857,12
 1858,13
 1859,14
 1860,11
 1861,13
 1862,12
 1863,13
 1864,14
 1865,10
 1866,13
 1867,12
 1868,13
 1869,14
 1870,11
 1871,13
 1872,12
 1873,13
 1874,14
 1875,4
 1876,13
 1877,12
 1878,13
 1879,11
 1880,13
 1881,12
 1882,13
 1883,14
 1884,10
 1885,13
 1886,12
 1887,13
 1888,14
 1889,11
 1890,13
 1891,12
 1892,13
 1893,14
 1894,9
 1895,13
 1896,12
 1897,13
 1898,14
 1899,11
 1900,13
 1901,12
 1902,13
 1903,14
 1904,10
 1905,13
 1906,12
 1907,13
 1908,14
 1909,11
 1910,13
 1911,12
 1912,13
 1913,14
 1914,8
 1915,13
 1916,12
 1917,13
 1918,11
 1919,13
 1920,12
 1921,13
 1922,14
 1923,10
 1924,13
 1925,12
 1926,13
 1927,14
 1928,11
 1929,13
 1930,12
 1931,13
 1932,14
 1933,9
 1934,13
 1935,12
 1936,13
 1937,14
 1938,11
 1939,13
 1940,12
 1941,13
 1942,14
 1943,10
 1944,13
 1945,12
 1946,13
 1947,14
 1948,11
 1949,13
 1950,12
 1951,13
 1952,14
 1953,7
 1954,13
 1955,12
 1956,13
 1957,11
 1958,13
 1959,12
 1960,13
 1961,14
 1962,10
 1963,13
 1964,12
 1965,13
 1966,14
 1967,11
 1968,13
 1969,12
 1970,13
 1971,14
 1972,9
 1973,13
 1974,12
 1975,13
 1976,14
 1977,11
 1978,13
 1979,12
 1980,13
 1981,14
 1982,10
 1983,13
 1984,12
 1985,13
 1986,14
 1987,11
 1988,13
 1989,12
 1990,13
 1991,14
 1992,8
 1993,13
 1994,12
 1995,13
 1996,11
 1997,13
 1998,12
 1999,13
 2000,14
 2001,10
 2002,13
 2003,12
 2004,13
 2005,14
 2006,11
 2007,13
 2008,12
 2009,13
 2010,14
 2011,9
 2012,13
 2013,12
 2014,13
 2015,14
 2016,11
 2017,13
 2018,12
 2019,13
 2020,14
 2021,10
 2022,13
 2023,12
 2024,13
 2025,14
 2026,11
 2027,13
 2028,12
 2029,13
 2030,14
 2031,6
 2032,13
 2033,12
 2034,13
 2035,11
 2036,13
 2037,12
 2038,13
 2039,14
 2040,10
 2041,13
 2042,12
 2043,13
 2044,14
 2045,11
 2046,13
 2047,12
 2048,13
 2049,14
 2050,9
 2051,13
 2052,12
 2053,13
 2054,14
 2055,11
 2056,13
 2057,12
 2058,13
 2059,14
 2060,10
 2061,13
 2062,12
 2063,13
 2064,14
 2065,11
 2066,13
 2067,12
 2068,13
 2069,14
 2070,8
 2071,13
 2072,12
 2073,13
 2074,11
 2075,13
 2076,12
 2077,13
 2078,14
 2079,10
 2080,13
 2081,12
 2082,13
 2083,14
 2084,11
 2085,13
 2086,12
 2087,13
 2088,14
 2089,9
 2090,13
 2091,12
 2092,13
 2093,14
 2094,11
 2095,13
 2096,12
 2097,13
 2098,14
 2099,10
 2100,13
 2101,12
 2102,13
 2103,14
 2104,11
 2105,13
 2106,12
 2107,13
 2108,14
 2109,7
 2110,13
 2111,12
 2112,13
 2113,11
 2114,13
 2115,12
 2116,13
 2117,14
 2118,10
 2119,13
 2120,12
 2121,13
 2122,14
 2123,11
 2124,13
 2125,12
 2126,13
 2127,14
 2128,9
 2129,13
 2130,12
 2131,13
 2132,14
 2133,11
 2134,13
 2135,12
 2136,13
 2137,14
 2138,10
 2139,13
 2140,12
 2141,13
 2142,14
 2143,11
 2144,13
 2145,12
 2146,13
 2147,14
 2148,8
 2149,13
 2150,12
 2151,13
 2152,11
 2153,13
 2154,12
 2155,13
 2156,14
 2157,10
 2158,13
 2159,12
 2160,13
 2161,14
 2162,11
 2163,13
 2164,12
 2165,13
 2166,14
 2167,9
 2168,13
 2169,12
 2170,13
 2171,14
 2172,11
 2173,13
 2174,12
 2175,13
 2176,14
 2177,10
 2178,13
 2179,12
 2180,13
 2181,14
 2182,11
 2183,13
 2184,12
 2185,13
 2186,14
 2187,5
 2188,13
 2189,12
 2190,13
 2191,11
 2192,13
 2193,12
 2194,13
 2195,14
 2196,10
 2197,13
 2198,12
 2199,13
 2200,14
 2201,11
 2202,13
 2203,12
 2204,13
 2205,14
 2206,9
 2207,13
 2208,12
 2209,13
 2210,14
 2211,11
 2212,13
 2213,12
 2214,13
 2215,14
 2216,10
 2217,13
 2218,12
 2219,13
 2220,14
 2221,11
 2222,13
 2223,12
 2224,13
 2225,14
 2226,8
 2227,13
 2228,12
 2229,13
 2230,11
 2231,13
 2232,12
 2233,13
 2234,14
 2235,10
 2236,13
 2237,12
 2238,13
 2239,14
 2240,11
 2241,13
 2242,12
 2243,13
 2244,14
 2245,9
 2246,13
 2247,12
 2248,13
 2249,14
 2250,11
 2251,13
 2252,12
 2253,13
 2254,14
 2255,10
 2256,13
 2257,12
 2258,13
 2259,14
 2260,11
 2261,13
 2262,12
 2263,13
 2264,14
 2265,7
 2266,13
 2267,12
 2268,13
 2269,11
 2270,13
 2271,12
 2272,13
 2273,14
 2274,10
 2275,13
 2276,12
 2277,13
 2278,14
 2279,11
 2280,13
 2281,12
 2282,13
 2283,14
 2284,9
 2285,13
 2286,12
 2287,13
 2288,14
 2289,11
 2290,13
 2291,12
 2292,13
 2293,14
 2294,10
 2295,13
 2296,12
 2297,13
 2298,14
 2299,11
 2300,13
 2301,12
 2302,13
 2303,14
 2304,8
 2305,13
 2306,12
 2307,13
 2308,11
 2309,13
 2310,12
 2311,13
 2312,14
 2313,10
 2314,13
 2315,12
 2316,13
 2317,14
 2318,11
 2319,13
 2320,12
 2321,13
 2322,14
 2323,9
 2324,13
 2325,12
 2326,13
 2327,14
 2328,11
 2329,13
 2330,12
 2331,13
 2332,14
 2333,10
 2334,13
 2335,12
 2336,13
 2337,14
 2338,11
 2339,13
 2340,12
 2341,13
 2342,14
 2343,6
 2344,13
 2345,12
 2346,13
 2347,11
 2348,13
 2349,12
 2350,13
 2351,14
 2352,10
 2353,13
 2354,12
 2355,13
 2356,14
 2357,11
 2358,13
 2359,12
 2360,13
 2361,14
 2362,9
 2363,13
 2364,12
 2365,13
 2366,14
 2367,11
 2368,13
 2369,12
 2370,13
 2371,14
 2372,10
 2373,13
 2374,12
 2375,13
 2376,14
 2377,11
 2378,13
 2379,12
 2380,13
 2381,14
 2382,8
 2383,13
 2384,12
 2385,13
 2386,11
 2387,13
 2388,12
 2389,13
 2390,14
 2391,10
 2392,13
 2393,12
 2394,13
 2395,14
 2396,11
 2397,13
 2398,12
 2399,13
 2400,14
 2401,9
 2402,13
 2403,12
 2404,13
 2405,14
 2406,11
 2407,13
 2408,12
 2409,13
 2410,14
 2411,10
 2412,13
 2413,12
 2414,13
 2415,14
 2416,11
 2417,13
 2418,12
 2419,13
 2420,14
 2421,7
 2422,13
 2423,12
 2424,13
 2425,11
 2426,13
 2427,12
 2428,13
 2429,14
 2430,10
 2431,13
 2432,12
 2433,13
 2434,14
 2435,11
 2436,13
 2437,12
 2438,13
 2439,14
 2440,9
 2441,13
 2442,12
 2443,13
 2444,14
 2445,11
 2446,13
 2447,12
 2448,13
 2449,14
 2450,10
 2451,13
 2452,12
 2453,13
 2454,14
 2455,11
 2456,13
 2457,12
 2458,13
 2459,14
 2460,8
 2461,13
 2462,12
 2463,13
 2464,14
 2465,11
 2466,13
 2467,12
 2468,13
 2469,14
 2470,10
 2471,13
 2472,12
 2473,13
 2474,14
 2475,11
 2476,13
 2477,12
 2478,13
 2479,14
 2480,9
 2481,13
 2482,12
 2483,13
 2484,14
 2485,11
 2486,13
 2487,12
 2488,13
 2489,14
 2490,10
 2491,13
 2492,12
 2493,13
 2494,14
 2495,11
 2496,13
 2497,12
 2498,13
 2499,14
 2500,2
 2501,13
 2502,12
 2503,13
 2504,11
 2505,13
 2506,12
 2507,13
 2508,14
 2509,10
 2510,13
 2511,12
 2512,13
 2513,14
 2514,11
 2515,13
 2516,12
 2517,13
 2518,14
 2519,9
 2520,13
 2521,12
 2522,13
 2523,14
 2524,11
 2525,13
 2526,12
 2527,13
 2528,14
 2529,10
 2530,13
 2531,12
 2532,13
 2533,14
 2534,11
 2535,13
 2536,12
 2537,13
 2538,14
 2539,8
 2540,13
 2541,12
 2542,13
 2543,11
 2544,13
 2545,12
 2546,13
 2547,14
 2548,10
 2549,13
 2550,12
 2551,13
 2552,14
 2553,11
 2554,13
 2555,12
 2556,13
 2557,14
 2558,9
 2559,13
 2560,12
 2561,13
 2562,14
 2563,11
 2564,13
 2565,12
 2566,13
 2567,14
 2568,10
 2569,13
 2570,12
 2571,13
 2572,14
 2573,11
 2574,13
 2575,12
 2576,13
 2577,14
 2578,7
 2579,13
 2580,12
 2581,13
 2582,11
 2583,13
 2584,12
 2585,13
 2586,14
 2587,10
 2588,13
 2589,12
 2590,13
 2591,14
 2592,11
 2593,13
 2594,12
 2595,13
 2596,14
 2597,9
 2598,13
 2599,12
 2600,13
 2601,14
 2602,11
 2603,13
 2604,12
 2605,13
 2606,14
 2607,10
 2608,13
 2609,12
 2610,13
 2611,14
 2612,11
 2613,13
 2614,12
 2615,13
 2616,14
 2617,8
 2618,13
 2619,12
 2620,13
 2621,11
 2622,13
 2623,12
 2624,13
 2625,14
 2626,10
 2627,13
 2628,12
 2629,13
 2630,14
 2631,11
 2632,13
 2633,12
 2634,13
 2635,14
 2636,9
 2637,13
 2638,12
 2639,13
 2640,14
 2641,11
 2642,13
 2643,12
 2644,13
 2645,14
 2646,10
 2647,13
 2648,12
 2649,13
 2650,14
 2651,11
 2652,13
 2653,12
 2654,13
 2655,14
 2656,6
 2657,13
 2658,12
 2659,13
 2660,11
 2661,13
 2662,12
 2663,13
 2664,14
 2665,10
 2666,13
 2667,12
 2668,13
 2669,14
 2670,11
 2671,13
 2672,12
 2673,13
 2674,14
 2675,9
 2676,13
 2677,12
 2678,13
 2679,14
 2680,11
 2681,13
 2682,12
 2683,13
 2684,14
 2685,10
 2686,13
 2687,12
 2688,13
 2689,14
 2690,11
 2691,13
 2692,12
 2693,13
 2694,14
 2695,8
 2696,13
 2697,12
 2698,13
 2699,11
 2700,13
 2701,12
 2702,13
 2703,14
 2704,10
 2705,13
 2706,12
 2707,13
 2708,14
 2709,11
 2710,13
 2711,12
 2712,13
 2713,14
 2714,9
 2715,13
 2716,12
 2717,13
 2718,14
 2719,11
 2720,13
 2721,12
 2722,13
 2723,14
 2724,10
 2725,13
 2726,12
 2727,13
 2728,14
 2729,11
 2730,13
 2731,12
 2732,13
 2733,14
 2734,7
 2735,13
 2736,12
 2737,13
 2738,11
 2739,13
 2740,12
 2741,13
 2742,14
 2743,10
 2744,13
 2745,12
 2746,13
 2747,14
 2748,11
 2749,13
 2750,12
 2751,13
 2752,14
 2753,9
 2754,13
 2755,12
 2756,13
 2757,14
 2758,11
 2759,13
 2760,12
 2761,13
 2762,14
 2763,10
 2764,13
 2765,12
 2766,13
 2767,14
 2768,11
 2769,13
 2770,12
 2771,13
 2772,14
 2773,8
 2774,13
 2775,12
 2776,13
 2777,11
 2778,13
 2779,12
 2780,13
 2781,14
 2782,10
 2783,13
 2784,12
 2785,13
 2786,14
 2787,11
 2788,13
 2789,12
 2790,13
 2791,14
 2792,9
 2793,13
 2794,12
 2795,13
 2796,14
 2797,11
 2798,13
 2799,12
 2800,13
 2801,14
 2802,10
 2803,13
 2804,12
 2805,13
 2806,14
 2807,11
 2808,13
 2809,12
 2810,13
 2811,14
 2812,5
 2813,13
 2814,12
 2815,13
 2816,11
 2817,13
 2818,12
 2819,13
 2820,14
 2821,10
 2822,13
 2823,12
 2824,13
 2825,14
 2826,11
 2827,13
 2828,12
 2829,13
 2830,14
 2831,9
 2832,13
 2833,12
 2834,13
 2835,14
 2836,11
 2837,13
 2838,12
 2839,13
 2840,14
 2841,10
 2842,13
 2843,12
 2844,13
 2845,14
 2846,11
 2847,13
 2848,12
 2849,13
 2850,14
 2851,8
 2852,13
 2853,12
 2854,13
 2855,11
 2856,13
 2857,12
 2858,13
 2859,14
 2860,10
 2861,13
 2862,12
 2863,13
 2864,14
 2865,11
 2866,13
 2867,12
 2868,13
 2869,14
 2870,9
 2871,13
 2872,12
 2873,13
 2874,14
 2875,11
 2876,13
 2877,12
 2878,13
 2879,14
 2880,10
 2881,13
 2882,12
 2883,13
 2884,14
 2885,11
 2886,13
 2887,12
 2888,13
 2889,14
 2890,7
 2891,13
 2892,12
 2893,13
 2894,11
 2895,13
 2896,12
 2897,13
 2898,14
 2899,10
 2900,13
 2901,12
 2902,13
 2903,14
 2904,11
 2905,13
 2906,12
 2907,13
 2908,14
 2909,9
 2910,13
 2911,12
 2912,13
 2913,14
 2914,11
 2915,13
 2916,12
 2917,13
 2918,14
 2919,10
 2920,13
 2921,12
 2922,13
 2923,14
 2924,11
 2925,13
 2926,12
 2927,13
 2928,14
 2929,8
 2930,13
 2931,12
 2932,13
 2933,11
 2934,13
 2935,12
 2936,13
 2937,14
 2938,10
 2939,13
 2940,12
 2941,13
 2942,14
 2943,11
 2944,13
 2945,12
 2946,13
 2947,14
 2948,9
 2949,13
 2950,12
 2951,13
 2952,14
 2953,11
 2954,13
 2955,12
 2956,13
 2957,14
 2958,10
 2959,13
 2960,12
 2961,13
 2962,14
 2963,11
 2964,13
 2965,12
 2966,13
 2967,14
 2968,6
 2969,13
 2970,12
 2971,13
 2972,11
 2973,13
 2974,12
 2975,13
 2976,14
 2977,10
 2978,13
 2979,12
 2980,13
 2981,14
 2982,11
 2983,13
 2984,12
 2985,13
 2986,14
 2987,9
 2988,13
 2989,12
 2990,13
 2991,14
 2992,11
 2993,13
 2994,12
 2995,13
 2996,14
 2997,10
 2998,13
 2999,12
 3000,13
 3001,14
 3002,11
 3003,13
 3004,12
 3005,13
 3006,14
 3007,8
 3008,13
 3009,12
 3010,13
 3011,11
 3012,13
 3013,12
 3014,13
 3015,14
 3016,10
 3017,13
 3018,12
 3019,13
 3020,14
 3021,11
 3022,13
 3023,12
 3024,13
 3025,14
 3026,9
 3027,13
 3028,12
 3029,13
 3030,14
 3031,11
 3032,13
 3033,12
 3034,13
 3035,14
 3036,10
 3037,13
 3038,12
 3039,13
 3040,14
 3041,11
 3042,13
 3043,12
 3044,13
 3045,14
 3046,7
 3047,13
 3048,12
 3049,13
 3050,11
 3051,13
 3052,12
 3053,13
 3054,14
 3055,10
 3056,13
 3057,12
 3058,13
 3059,14
 3060,11
 3061,13
 3062,12
 3063,13
 3064,14
 3065,9
 3066,13
 3067,12
 3068,13
 3069,14
 3070,11
 3071,13
 3072,12
 3073,13
 3074,14
 3075,10
 3076,13
 3077,12
 3078,13
 3079,14
 3080,11
 3081,13
 3082,12
 3083,13
 3084,14
 3085,8
 3086,13
 3087,12
 3088,13
 3089,14
 3090,11
 3091,13
 3092,12
 3093,13
 3094,14
 3095,10
 3096,13
 3097,12
 3098,13
 3099,14
 3100,11
 3101,13
 3102,12
 3103,13
 3104,14
 3105,9
 3106,13
 3107,12
 3108,13
 3109,14
 3110,11
 3111,13
 3112,12
 3113,13
 3114,14
 3115,10
 3116,13
 3117,12
 3118,13
 3119,14
 3120,11
 3121,13
 3122,12
 3123,13
 3124,14
 3125,4
 3126,13
 3127,12
 3128,13
 3129,11
 3130,13
 3131,12
 3132,13
 3133,14
 3134,10
 3135,13
 3136,12
 3137,13
 3138,14
 3139,11
 3140,13
 3141,12
 3142,13
 3143,14
 3144,9
 3145,13
 3146,12
 3147,13
 3148,14
 3149,11
 3150,13
 3151,12
 3152,13
 3153,14
 3154,10
 3155,13
 3156,12
 3157,13
 3158,14
 3159,11
 3160,13
 3161,12
 3162,13
 3163,14
 3164,8
 3165,13
 3166,12
 3167,13
 3168,11
 3169,13
 3170,12
 3171,13
 3172,14
 3173,10
 3174,13
 3175,12
 3176,13
 3177,14
 3178,11
 3179,13
 3180,12
 3181,13
 3182,14
 3183,9
 3184,13
 3185,12
 3186,13
 3187,14
 3188,11
 3189,13
 3190,12
 3191,13
 3192,14
 3193,10
 3194,13
 3195,12
 3196,13
 3197,14
 3198,11
 3199,13
 3200,12
 3201,13
 3202,14
 3203,7
 3204,13
 3205,12
 3206,13
 3207,11
 3208,13
 3209,12
 3210,13
 3211,14
 3212,10
 3213,13
 3214,12
 3215,13
 3216,14
 3217,11
 3218,13
 3219,12
 3220,13
 3221,14
 3222,9
 3223,13
 3224,12
 3225,13
 3226,14
 3227,11
 3228,13
 3229,12
 3230,13
 3231,14
 3232,10
 3233,13
 3234,12
 3235,13
 3236,14
 3237,11
 3238,13
 3239,12
 3240,13
 3241,14
 3242,8
 3243,13
 3244,12
 3245,13
 3246,11
 3247,13
 3248,12
 3249,13
 3250,14
 3251,10
 3252,13
 3253,12
 3254,13
 3255,14
 3256,11
 3257,13
 3258,12
 3259,13
 3260,14
 3261,9
 3262,13
 3263,12
 3264,13
 3265,14
 3266,11
 3267,13
 3268,12
 3269,13
 3270,14
 3271,10
 3272,13
 3273,12
 3274,13
 3275,14
 3276,11
 3277,13
 3278,12
 3279,13
 3280,14
 3281,6
 3282,13
 3283,12
 3284,13
 3285,11
 3286,13
 3287,12
 3288,13
 3289,14
 3290,10
 3291,13
 3292,12
 3293,13
 3294,14
 3295,11
 3296,13
 3297,12
 3298,13
 3299,14
 3300,9
 3301,13
 3302,12
 3303,13
 3304,14
 3305,11
 3306,13
 3307,12
 3308,13
 3309,14
 3310,10
 3311,13
 3312,12
 3313,13
 3314,14
 3315,11
 3316,13
 3317,12
 3318,13
 3319,14
 3320,8
 3321,13
 3322,12
 3323,13
 3324,11
 3325,13
 3326,12
 3327,13
 3328,14
 3329,10
 3330,13
 3331,12
 3332,13
 3333,14
 3334,11
 3335,13
 3336,12
 3337,13
 3338,14
 3339,9
 3340,13
 3341,12
 3342,13
 3343,14
 3344,11
 3345,13
 3346,12
 3347,13
 3348,14
 3349,10
 3350,13
 3351,12
 3352,13
 3353,14
 3354,11
 3355,13
 3356,12
 3357,13
 3358,14
 3359,7
 3360,13
 3361,12
 3362,13
 3363,11
 3364,13
 3365,12
 3366,13
 3367,14
 3368,10
 3369,13
 3370,12
 3371,13
 3372,14
 3373,11
 3374,13
 3375,12
 3376,13
 3377,14
 3378,9
 3379,13
 3380,12
 3381,13
 3382,14
 3383,11
 3384,13
 3385,12
 3386,13
 3387,14
 3388,10
 3389,13
 3390,12
 3391,13
 3392,14
 3393,11
 3394,13
 3395,12
 3396,13
 3397,14
 3398,8
 3399,13
 3400,12
 3401,13
 3402,11
 3403,13
 3404,12
 3405,13
 3406,14
 3407,10
 3408,13
 3409,12
 3410,13
 3411,14
 3412,11
 3413,13
 3414,12
 3415,13
 3416,14
 3417,9
 3418,13
 3419,12
 3420,13
 3421,14
 3422,11
 3423,13
 3424,12
 3425,13
 3426,14
 3427,10
 3428,13
 3429,12
 3430,13
 3431,14
 3432,11
 3433,13
 3434,12
 3435,13
 3436,14
 3437,5
 3438,13
 3439,12
 3440,13
 3441,11
 3442,13
 3443,12
 3444,13
 3445,14
 3446,10
 3447,13
 3448,12
 3449,13
 3450,14
 3451,11
 3452,13
 3453,12
 3454,13
 3455,14
 3456,9
 3457,13
 3458,12
 3459,13
 3460,14
 3461,11
 3462,13
 3463,12
 3464,13
 3465,14
 3466,10
 3467,13
 3468,12
 3469,13
 3470,14
 3471,11
 3472,13
 3473,12
 3474,13
 3475,14
 3476,8
 3477,13
 3478,12
 3479,13
 3480,11
 3481,13
 3482,12
 3483,13
 3484,14
 3485,10
 3486,13
 3487,12
 3488,13
 3489,14
 3490,11
 3491,13
 3492,12
 3493,13
 3494,14
 3495,9
 3496,13
 3497,12
 3498,13
 3499,14
 3500,11
 3501,13
 3502,12
 3503,13
 3504,14
 3505,10
 3506,13
 3507,12
 3508,13
 3509,14
 3510,11
 3511,13
 3512,12
 3513,13
 3514,14
 3515,7
 3516,13
 3517,12
 3518,13
 3519,11
 3520,13
 3521,12
 3522,13
 3523,14
 3524,10
 3525,13
 3526,12
 3527,13
 3528,14
 3529,11
 3530,13
 3531,12
 3532,13
 3533,14
 3534,9
 3535,13
 3536,12
 3537,13
 3538,14
 3539,11
 3540,13
 3541,12
 3542,13
 3543,14
 3544,10
 3545,13
 3546,12
 3547,13
 3548,14
 3549,11
 3550,13
 3551,12
 3552,13
 3553,14
 3554,8
 3555,13
 3556,12
 3557,13
 3558,11
 3559,13
 3560,12
 3561,13
 3562,14
 3563,10
 3564,13
 3565,12
 3566,13
 3567,14
 3568,11
 3569,13
 3570,12
 3571,13
 3572,14
 3573,9
 3574,13
 3575,12
 3576,13
 3577,14
 3578,11
 3579,13
 3580,12
 3581,13
 3582,14
 3583,10
 3584,13
 3585,12
 3586,13
 3587,14
 3588,11
 3589,13
 3590,12
 3591,13
 3592,14
 3593,6
 3594,13
 3595,12
 3596,13
 3597,11
 3598,13
 3599,12
 3600,13
 3601,14
 3602,10
 3603,13
 3604,12
 3605,13
 3606,14
 3607,11
 3608,13
 3609,12
 3610,13
 3611,14
 3612,9
 3613,13
 3614,12
 3615,13
 3616,14
 3617,11
 3618,13
 3619,12
 3620,13
 3621,14
 3622,10
 3623,13
 3624,12
 3625,13
 3626,14
 3627,11
 3628,13
 3629,12
 3630,13
 3631,14
 3632,8
 3633,13
 3634,12
 3635,13
 3636,11
 3637,13
 3638,12
 3639,13
 3640,14
 3641,10
 3642,13
 3643,12
 3644,13
 3645,14
 3646,11
 3647,13
 3648,12
 3649,13
 3650,14
 3651,9
 3652,13
 3653,12
 3654,13
 3655,14
 3656,11
 3657,13
 3658,12
 3659,13
 3660,14
 3661,10
 3662,13
 3663,12
 3664,13
 3665,14
 3666,11
 3667,13
 3668,12
 3669,13
 3670,14
 3671,7
 3672,13
 3673,12
 3674,13
 3675,11
 3676,13
 3677,12
 3678,13
 3679,14
 3680,10
 3681,13
 3682,12
 3683,13
 3684,14
 3685,11
 3686,13
 3687,12
 3688,13
 3689,14
 3690,9
 3691,13
 3692,12
 3693,13
 3694,14
 3695,11
 3696,13
 3697,12
 3698,13
 3699,14
 3700,10
 3701,13
 3702,12
 3703,13
 3704,14
 3705,11
 3706,13
 3707,12
 3708,13
 3709,14
 3710,8
 3711,13
 3712,12
 3713,13
 3714,14
 3715,11
 3716,13
 3717,12
 3718,13
 3719,14
 3720,10
 3721,13
 3722,12
 3723,13
 3724,14
 3725,11
 3726,13
 3727,12
 3728,13
 3729,14
 3730,9
 3731,13
 3732,12
 3733,13
 3734,14
 3735,11
 3736,13
 3737,12
 3738,13
 3739,14
 3740,10
 3741,13
 3742,12
 3743,13
 3744,14
 3745,11
 3746,13
 3747,12
 3748,13
 3749,14
 3750,3
 3751,13
 3752,12
 3753,13
 3754,11
 3755,13
 3756,12
 3757,13
 3758,14
 3759,10
 3760,13
 3761,12
 3762,13
 3763,14
 3764,11
 3765,13
 3766,12
 3767,13
 3768,14
 3769,9
 3770,13
 3771,12
 3772,13
 3773,14
 3774,11
 3775,13
 3776,12
 3777,13
 3778,14
 3779,10
 3780,13
 3781,12
 3782,13
 3783,14
 3784,11
 3785,13
 3786,12
 3787,13
 3788,14
 3789,8
 3790,13
 3791,12
 3792,13
 3793,11
 3794,13
 3795,12
 3796,13
 3797,14
 3798,10
 3799,13
 3800,12
 3801,13
 3802,14
 3803,11
 3804,13
 3805,12
 3806,13
 3807,14
 3808,9
 3809,13
 3810,12
 3811,13
 3812,14
 3813,11
 3814,13
 3815,12
 3816,13
 3817,14
 3818,10
 3819,13
 3820,12
 3821,13
 3822,14
 3823,11
 3824,13
 3825,12
 3826,13
 3827,14
 3828,7
 3829,13
 3830,12
 3831,13
 3832,11
 3833,13
 3834,12
 3835,13
 3836,14
 3837,10
 3838,13
 3839,12
 3840,13
 3841,14
 3842,11
 3843,13
 3844,12
 3845,13
 3846,14
 3847,9
 3848,13
 3849,12
 3850,13
 3851,14
 3852,11
 3853,13
 3854,12
 3855,13
 3856,14
 3857,10
 3858,13
 3859,12
 3860,13
 3861,14
 3862,11
 3863,13
 3864,12
 3865,13
 3866,14
 3867,8
 3868,13
 3869,12
 3870,13
 3871,11
 3872,13
 3873,12
 3874,13
 3875,14
 3876,10
 3877,13
 3878,12
 3879,13
 3880,14
 3881,11
 3882,13
 3883,12
 3884,13
 3885,14
 3886,9
 3887,13
 3888,12
 3889,13
 3890,14
 3891,11
 3892,13
 3893,12
 3894,13
 3895,14
 3896,10
 3897,13
 3898,12
 3899,13
 3900,14
 3901,11
 3902,13
 3903,12
 3904,13
 3905,14
 3906,6
 3907,13
 3908,12
 3909,13
 3910,11
 3911,13
 3912,12
 3913,13
 3914,14
 3915,10
 3916,13
 3917,12
 3918,13
 3919,14
 3920,11
 3921,13
 3922,12
 3923,13
 3924,14
 3925,9
 3926,13
 3927,12
 3928,13
 3929,14
 3930,11
 3931,13
 3932,12
 3933,13
 3934,14
 3935,10
 3936,13
 3937,12
 3938,13
 3939,14
 3940,11
 3941,13
 3942,12
 3943,13
 3944,14
 3945,8
 3946,13
 3947,12
 3948,13
 3949,11
 3950,13
 3951,12
 3952,13
 3953,14
 3954,10
 3955,13
 3956,12
 3957,13
 3958,14
 3959,11
 3960,13
 3961,12
 3962,13
 3963,14
 3964,9
 3965,13
 3966,12
 3967,13
 3968,14
 3969,11
 3970,13
 3971,12
 3972,13
 3973,14
 3974,10
 3975,13
 3976,12
 3977,13
 3978,14
 3979,11
 3980,13
 3981,12
 3982,13
 3983,14
 3984,7
 3985,13
 3986,12
 3987,13
 3988,11
 3989,13
 3990,12
 3991,13
 3992,14
 3993,10
 3994,13
 3995,12
 3996,13
 3997,14
 3998,11
 3999,13
 4000,12
 4001,13
 4002,14
 4003,9
 4004,13
 4005,12
 4006,13
 4007,14
 4008,11
 4009,13
 4010,12
 4011,13
 4012,14
 4013,10
 4014,13
 4015,12
 4016,13
 4017,14
 4018,11
 4019,13
 4020,12
 4021,13
 4022,14
 4023,8
 4024,13
 4025,12
 4026,13
 4027,11
 4028,13
 4029,12
 4030,13
 4031,14
 4032,10
 4033,13
 4034,12
 4035,13
 4036,14
 4037,11
 4038,13
 4039,12
 4040,13
 4041,14
 4042,9
 4043,13
 4044,12
 4045,13
 4046,14
 4047,11
 4048,13
 4049,12
 4050,13
 4051,14
 4052,10
 4053,13
 4054,12
 4055,13
 4056,14
 4057,11
 4058,13
 4059,12
 4060,13
 4061,14
 4062,5
 4063,13
 4064,12
 4065,13
 4066,11
 4067,13
 4068,12
 4069,13
 4070,14
 4071,10
 4072,13
 4073,12
 4074,13
 4075,14
 4076,11
 4077,13
 4078,12
 4079,13
 4080,14
 4081,9
 4082,13
 4083,12
 4084,13
 4085,14
 4086,11
 4087,13
 4088,12
 4089,13
 4090,14
 4091,10
 4092,13
 4093,12
 4094,13
 4095,14
 4096,11
 4097,13
 4098,12
 4099,13
 4100,14
 4101,8
 4102,13
 4103,12
 4104,13
 4105,11
 4106,13
 4107,12
 4108,13
 4109,14
 4110,10
 4111,13
 4112,12
 4113,13
 4114,14
 4115,11
 4116,13
 4117,12
 4118,13
 4119,14
 4120,9
 4121,13
 4122,12
 4123,13
 4124,14
 4125,11
 4126,13
 4127,12
 4128,13
 4129,14
 4130,10
 4131,13
 4132,12
 4133,13
 4134,14
 4135,11
 4136,13
 4137,12
 4138,13
 4139,14
 4140,7
 4141,13
 4142,12
 4143,13
 4144,11
 4145,13
 4146,12
 4147,13
 4148,14
 4149,10
 4150,13
 4151,12
 4152,13
 4153,14
 4154,11
 4155,13
 4156,12
 4157,13
 4158,14
 4159,9
 4160,13
 4161,12
 4162,13
 4163,14
 4164,11
 4165,13
 4166,12
 4167,13
 4168,14
 4169,10
 4170,13
 4171,12
 4172,13
 4173,14
 4174,11
 4175,13
 4176,12
 4177,13
 4178,14
 4179,8
 4180,13
 4181,12
 4182,13
 4183,11
 4184,13
 4185,12
 4186,13
 4187,14
 4188,10
 4189,13
 4190,12
 4191,13
 4192,14
 4193,11
 4194,13
 4195,12
 4196,13
 4197,14
 4198,9
 4199,13
 4200,12
 4201,13
 4202,14
 4203,11
 4204,13
 4205,12
 4206,13
 4207,14
 4208,10
 4209,13
 4210,12
 4211,13
 4212,14
 4213,11
 4214,13
 4215,12
 4216,13
 4217,14
 4218,6
 4219,13
 4220,12
 4221,13
 4222,11
 4223,13
 4224,12
 4225,13
 4226,14
 4227,10
 4228,13
 4229,12
 4230,13
 4231,14
 4232,11
 4233,13
 4234,12
 4235,13
 4236,14
 4237,9
 4238,13
 4239,12
 4240,13
 4241,14
 4242,11
 4243,13
 4244,12
 4245,13
 4246,14
 4247,10
 4248,13
 4249,12
 4250,13
 4251,14
 4252,11
 4253,13
 4254,12
 4255,13
 4256,14
 4257,8
 4258,13
 4259,12
 4260,13
 4261,11
 4262,13
 4263,12
 4264,13
 4265,14
 4266,10
 4267,13
 4268,12
 4269,13
 4270,14
 4271,11
 4272,13
 4273,12
 4274,13
 4275,14
 4276,9
 4277,13
 4278,12
 4279,13
 4280,14
 4281,11
 4282,13
 4283,12
 4284,13
 4285,14
 4286,10
 4287,13
 4288,12
 4289,13
 4290,14
 4291,11
 4292,13
 4293,12
 4294,13
 4295,14
 4296,7
 4297,13
 4298,12
 4299,13
 4300,11
 4301,13
 4302,12
 4303,13
 4304,14
 4305,10
 4306,13
 4307,12
 4308,13
 4309,14
 4310,11
 4311,13
 4312,12
 4313,13
 4314,14
 4315,9
 4316,13
 4317,12
 4318,13
 4319,14
 4320,11
 4321,13
 4322,12
 4323,13
 4324,14
 4325,10
 4326,13
 4327,12
 4328,13
 4329,14
 4330,11
 4331,13
 4332,12
 4333,13
 4334,14
 4335,8
 4336,13
 4337,12
 4338,13
 4339,14
 4340,11
 4341,13
 4342,12
 4343,13
 4344,14
 4345,10
 4346,13
 4347,12
 4348,13
 4349,14
 4350,11
 4351,13
 4352,12
 4353,13
 4354,14
 4355,9
 4356,13
 4357,12
 4358,13
 4359,14
 4360,11
 4361,13
 4362,12
 4363,13
 4364,14
 4365,10
 4366,13
 4367,12
 4368,13
 4369,14
 4370,11
 4371,13
 4372,12
 4373,13
 4374,14
 4375,4
 4376,13
 4377,12
 4378,13
 4379,11
 4380,13
 4381,12
 4382,13
 4383,14
 4384,10
 4385,13
 4386,12
 4387,13
 4388,14
 4389,11
 4390,13
 4391,12
 4392,13
 4393,14
 4394,9
 4395,13
 4396,12
 4397,13
 4398,14
 4399,11
 4400,13
 4401,12
 4402,13
 4403,14
 4404,10
 4405,13
 4406,12
 4407,13
 4408,14
 4409,11
 4410,13
 4411,12
 4412,13
 4413,14
 4414,8
 4415,13
 4416,12
 4417,13
 4418,11
 4419,13
 4420,12
 4421,13
 4422,14
 4423,10
 4424,13
 4425,12
 4426,13
 4427,14
 4428,11
 4429,13
 4430,12
 4431,13
 4432,14
 4433,9
 4434,13
 4435,12
 4436,13
 4437,14
 4438,11
 4439,13
 4440,12
 4441,13
 4442,14
 4443,10
 4444,13
 4445,12
 4446,13
 4447,14
 4448,11
 4449,13
 4450,12
 4451,13
 4452,14
 4453,7
 4454,13
 4455,12
 4456,13
 4457,11
 4458,13
 4459,12
 4460,13
 4461,14
 4462,10
 4463,13
 4464,12
 4465,13
 4466,14
 4467,11
 4468,13
 4469,12
 4470,13
 4471,14
 4472,9
 4473,13
 4474,12
 4475,13
 4476,14
 4477,11
 4478,13
 4479,12
 4480,13
 4481,14
 4482,10
 4483,13
 4484,12
 4485,13
 4486,14
 4487,11
 4488,13
 4489,12
 4490,13
 4491,14
 4492,8
 4493,13
 4494,12
 4495,13
 4496,11
 4497,13
 4498,12
 4499,13
 4500,14
 4501,10
 4502,13
 4503,12
 4504,13
 4505,14
 4506,11
 4507,13
 4508,12
 4509,13
 4510,14
 4511,9
 4512,13
 4513,12
 4514,13
 4515,14
 4516,11
 4517,13
 4518,12
 4519,13
 4520,14
 4521,10
 4522,13
 4523,12
 4524,13
 4525,14
 4526,11
 4527,13
 4528,12
 4529,13
 4530,14
 4531,6
 4532,13
 4533,12
 4534,13
 4535,11
 4536,13
 4537,12
 4538,13
 4539,14
 4540,10
 4541,13
 4542,12
 4543,13
 4544,14
 4545,11
 4546,13
 4547,12
 4548,13
 4549,14
 4550,9
 4551,13
 4552,12
 4553,13
 4554,14
 4555,11
 4556,13
 4557,12
 4558,13
 4559,14
 4560,10
 4561,13
 4562,12
 4563,13
 4564,14
 4565,11
 4566,13
 4567,12
 4568,13
 4569,14
 4570,8
 4571,13
 4572,12
 4573,13
 4574,11
 4575,13
 4576,12
 4577,13
 4578,14
 4579,10
 4580,13
 4581,12
 4582,13
 4583,14
 4584,11
 4585,13
 4586,12
 4587,13
 4588,14
 4589,9
 4590,13
 4591,12
 4592,13
 4593,14
 4594,11
 4595,13
 4596,12
 4597,13
 4598,14
 4599,10
 4600,13
 4601,12
 4602,13
 4603,14
 4604,11
 4605,13
 4606,12
 4607,13
 4608,14
 4609,7
 4610,13
 4611,12
 4612,13
 4613,11
 4614,13
 4615,12
 4616,13
 4617,14
 4618,10
 4619,13
 4620,12
 4621,13
 4622,14
 4623,11
 4624,13
 4625,12
 4626,13
 4627,14
 4628,9
 4629,13
 4630,12
 4631,13
 4632,14
 4633,11
 4634,13
 4635,12
 4636,13
 4637,14
 4638,10
 4639,13
 4640,12
 4641,13
 4642,14
 4643,11
 4644,13
 4645,12
 4646,13
 4647,14
 4648,8
 4649,13
 4650,12
 4651,13
 4652,11
 4653,13
 4654,12
 4655,13
 4656,14
 4657,10
 4658,13
 4659,12
 4660,13
 4661,14
 4662,11
 4663,13
 4664,12
 4665,13
 4666,14
 4667,9
 4668,13
 4669,12
 4670,13
 4671,14
 4672,11
 4673,13
 4674,12
 4675,13
 4676,14
 4677,10
 4678,13
 4679,12
 4680,13
 4681,14
 4682,11
 4683,13
 4684,12
 4685,13
 4686,14
 4687,5
 4688,13
 4689,12
 4690,13
 4691,11
 4692,13
 4693,12
 4694,13
 4695,14
 4696,10
 4697,13
 4698,12
 4699,13
 4700,14
 4701,11
 4702,13
 4703,12
 4704,13
 4705,14
 4706,9
 4707,13
 4708,12
 4709,13
 4710,14
 4711,11
 4712,13
 4713,12
 4714,13
 4715,14
 4716,10
 4717,13
 4718,12
 4719,13
 4720,14
 4721,11
 4722,13
 4723,12
 4724,13
 4725,14
 4726,8
 4727,13
 4728,12
 4729,13
 4730,11
 4731,13
 4732,12
 4733,13
 4734,14
 4735,10
 4736,13
 4737,12
 4738,13
 4739,14
 4740,11
 4741,13
 4742,12
 4743,13
 4744,14
 4745,9
 4746,13
 4747,12
 4748,13
 4749,14
 4750,11
 4751,13
 4752,12
 4753,13
 4754,14
 4755,10
 4756,13
 4757,12
 4758,13
 4759,14
 4760,11
 4761,13
 4762,12
 4763,13
 4764,14
 4765,7
 4766,13
 4767,12
 4768,13
 4769,11
 4770,13
 4771,12
 4772,13
 4773,14
 4774,10
 4775,13
 4776,12
 4777,13
 4778,14
 4779,11
 4780,13
 4781,12
 4782,13
 4783,14
 4784,9
 4785,13
 4786,12
 4787,13
 4788,14
 4789,11
 4790,13
 4791,12
 4792,13
 4793,14
 4794,10
 4795,13
 4796,12
 4797,13
 4798,14
 4799,11
 4800,13
 4801,12
 4802,13
 4803,14
 4804,8
 4805,13
 4806,12
 4807,13
 4808,11
 4809,13
 4810,12
 4811,13
 4812,14
 4813,10
 4814,13
 4815,12
 4816,13
 4817,14
 4818,11
 4819,13
 4820,12
 4821,13
 4822,14
 4823,9
 4824,13
 4825,12
 4826,13
 4827,14
 4828,11
 4829,13
 4830,12
 4831,13
 4832,14
 4833,10
 4834,13
 4835,12
 4836,13
 4837,14
 4838,11
 4839,13
 4840,12
 4841,13
 4842,14
 4843,6
 4844,13
 4845,12
 4846,13
 4847,11
 4848,13
 4849,12
 4850,13
 4851,14
 4852,10
 4853,13
 4854,12
 4855,13
 4856,14
 4857,11
 4858,13
 4859,12
 4860,13
 4861,14
 4862,9
 4863,13
 4864,12
 4865,13
 4866,14
 4867,11
 4868,13
 4869,12
 4870,13
 4871,14
 4872,10
 4873,13
 4874,12
 4875,13
 4876,14
 4877,11
 4878,13
 4879,12
 4880,13
 4881,14
 4882,8
 4883,13
 4884,12
 4885,13
 4886,11
 4887,13
 4888,12
 4889,13
 4890,14
 4891,10
 4892,13
 4893,12
 4894,13
 4895,14
 4896,11
 4897,13
 4898,12
 4899,13
 4900,14
 4901,9
 4902,13
 4903,12
 4904,13
 4905,14
 4906,11
 4907,13
 4908,12
 4909,13
 4910,14
 4911,10
 4912,13
 4913,12
 4914,13
 4915,14
 4916,11
 4917,13
 4918,12
 4919,13
 4920,14
 4921,7
 4922,13
 4923,12
 4924,13
 4925,11
 4926,13
 4927,12
 4928,13
 4929,14
 4930,10
 4931,13
 4932,12
 4933,13
 4934,14
 4935,11
 4936,13
 4937,12
 4938,13
 4939,14
 4940,9
 4941,13
 4942,12
 4943,13
 4944,14
 4945,11
 4946,13
 4947,12
 4948,13
 4949,14
 4950,10
 4951,13
 4952,12
 4953,13
 4954,14
 4955,11
 4956,13
 4957,12
 4958,13
 4959,14
 4960,8
 4961,13
 4962,12
 4963,13
 4964,14
 4965,11
 4966,13
 4967,12
 4968,13
 4969,14
 4970,10
 4971,13
 4972,12
 4973,13
 4974,14
 4975,11
 4976,13
 4977,12
 4978,13
 4979,14
 4980,9
 4981,13
 4982,12
 4983,13
 4984,14
 4985,11
 4986,13
 4987,12
 4988,13
 4989,14
 4990,10
 4991,13
 4992,12
 4993,13
 4994,14
 4995,11
 4996,13
 4997,12
 4998,13
 4999,14
 5000,1
 5001,13
 5002,12
 5003,13
 5004,11
 5005,13
 5006,12
 5007,13
 5008,14
 5009,10
 5010,13
 5011,12
 5012,13
 5013,14
 5014,11
 5015,13
 5016,12
 5017,13
 5018,14
 5019,9
 5020,13
 5021,12
 5022,13
 5023,14
 5024,11
 5025,13
 5026,12
 5027,13
 5028,14
 5029,10
 5030,13
 5031,12
 5032,13
 5033,14
 5034,11
 5035,13
 5036,12
 5037,13
 5038,14
 5039,8
 5040,13
 5041,12
 5042,13
 5043,11
 5044,13
 5045,12
 5046,13
 5047,14
 5048,10
 5049,13
 5050,12
 5051,13
 5052,14
 5053,11
 5054,13
 5055,12
 5056,13
 5057,14
 5058,9
 5059,13
 5060,12
 5061,13
 5062,14
 5063,11
 5064,13
 5065,12
 5066,13
 5067,14
 5068,10
 5069,13
 5070,12
 5071,13
 5072,14
 5073,11
 5074,13
 5075,12
 5076,13
 5077,14
 5078,7
 5079,13
 5080,12
 5081,13
 5082,11
 5083,13
 5084,12
 5085,13
 5086,14
 5087,10
 5088,13
 5089,12
 5090,13
 5091,14
 5092,11
 5093,13
 5094,12
 5095,13
 5096,14
 5097,9
 5098,13
 5099,12
 5100,13
 5101,14
 5102,11
 5103,13
 5104,12
 5105,13
 5106,14
 5107,10
 5108,13
 5109,12
 5110,13
 5111,14
 5112,11
 5113,13
 5114,12
 5115,13
 5116,14
 5117,8
 5118,13
 5119,12
 5120,13
 5121,11
 5122,13
 5123,12
 5124,13
 5125,14
 5126,10
 5127,13
 5128,12
 5129,13
 5130,14
 5131,11
 5132,13
 5133,12
 5134,13
 5135,14
 5136,9
 5137,13
 5138,12
 5139,13
 5140,14
 5141,11
 5142,13
 5143,12
 5144,13
 5145,14
 5146,10
 5147,13
 5148,12
 5149,13
 5150,14
 5151,11
 5152,13
 5153,12
 5154,13
 5155,14
 5156,6
 5157,13
 5158,12
 5159,13
 5160,11
 5161,13
 5162,12
 5163,13
 5164,14
 5165,10
 5166,13
 5167,12
 5168,13
 5169,14
 5170,11
 5171,13
 5172,12
 5173,13
 5174,14
 5175,9
 5176,13
 5177,12
 5178,13
 5179,14
 5180,11
 5181,13
 5182,12
 5183,13
 5184,14
 5185,10
 5186,13
 5187,12
 5188,13
 5189,14
 5190,11
 5191,13
 5192,12
 5193,13
 5194,14
 5195,8
 5196,13
 5197,12
 5198,13
 5199,11
 5200,13
 5201,12
 5202,13
 5203,14
 5204,10
 5205,13
 5206,12
 5207,13
 5208,14
 5209,11
 5210,13
 5211,12
 5212,13
 5213,14
 5214,9
 5215,13
 5216,12
 5217,13
 5218,14
 5219,11
 5220,13
 5221,12
 5222,13
 5223,14
 5224,10
 5225,13
 5226,12
 5227,13
 5228,14
 5229,11
 5230,13
 5231,12
 5232,13
 5233,14
 5234,7
 5235,13
 5236,12
 5237,13
 5238,11
 5239,13
 5240,12
 5241,13
 5242,14
 5243,10
 5244,13
 5245,12
 5246,13
 5247,14
 5248,11
 5249,13
 5250,12
 5251,13
 5252,14
 5253,9
 5254,13
 5255,12
 5256,13
 5257,14
 5258,11
 5259,13
 5260,12
 5261,13
 5262,14
 5263,10
 5264,13
 5265,12
 5266,13
 5267,14
 5268,11
 5269,13
 5270,12
 5271,13
 5272,14
 5273,8
 5274,13
 5275,12
 5276,13
 5277,11
 5278,13
 5279,12
 5280,13
 5281,14
 5282,10
 5283,13
 5284,12
 5285,13
 5286,14
 5287,11
 5288,13
 5289,12
 5290,13
 5291,14
 5292,9
 5293,13
 5294,12
 5295,13
 5296,14
 5297,11
 5298,13
 5299,12
 5300,13
 5301,14
 5302,10
 5303,13
 5304,12
 5305,13
 5306,14
 5307,11
 5308,13
 5309,12
 5310,13
 5311,14
 5312,5
 5313,13
 5314,12
 5315,13
 5316,11
 5317,13
 5318,12
 5319,13
 5320,14
 5321,10
 5322,13
 5323,12
 5324,13
 5325,14
 5326,11
 5327,13
 5328,12
 5329,13
 5330,14
 5331,9
 5332,13
 5333,12
 5334,13
 5335,14
 5336,11
 5337,13
 5338,12
 5339,13
 5340,14
 5341,10
 5342,13
 5343,12
 5344,13
 5345,14
 5346,11
 5347,13
 5348,12
 5349,13
 5350,14
 5351,8
 5352,13
 5353,12
 5354,13
 5355,11
 5356,13
 5357,12
 5358,13
 5359,14
 5360,10
 5361,13
 5362,12
 5363,13
 5364,14
 5365,11
 5366,13
 5367,12
 5368,13
 5369,14
 5370,9
 5371,13
 5372,12
 5373,13
 5374,14
 5375,11
 5376,13
 5377,12
 5378,13
 5379,14
 5380,10
 5381,13
 5382,12
 5383,13
 5384,14
 5385,11
 5386,13
 5387,12
 5388,13
 5389,14
 5390,7
 5391,13
 5392,12
 5393,13
 5394,11
 5395,13
 5396,12
 5397,13
 5398,14
 5399,10
 5400,13
 5401,12
 5402,13
 5403,14
 5404,11
 5405,13
 5406,12
 5407,13
 5408,14
 5409,9
 5410,13
 5411,12
 5412,13
 5413,14
 5414,11
 5415,13
 5416,12
 5417,13
 5418,14
 5419,10
 5420,13
 5421,12
 5422,13
 5423,14
 5424,11
 5425,13
 5426,12
 5427,13
 5428,14
 5429,8
 5430,13
 5431,12
 5432,13
 5433,11
 5434,13
 5435,12
 5436,13
 5437,14
 5438,10
 5439,13
 5440,12
 5441,13
 5442,14
 5443,11
 5444,13
 5445,12
 5446,13
 5447,14
 5448,9
 5449,13
 5450,12
 5451,13
 5452,14
 5453,11
 5454,13
 5455,12
 5456,13
 5457,14
 5458,10
 5459,13
 5460,12
 5461,13
 5462,14
 5463,11
 5464,13
 5465,12
 5466,13
 5467,14
 5468,6
 5469,13
 5470,12
 5471,13
 5472,11
 5473,13
 5474,12
 5475,13
 5476,14
 5477,10
 5478,13
 5479,12
 5480,13
 5481,14
 5482,11
 5483,13
 5484,12
 5485,13
 5486,14
 5487,9
 5488,13
 5489,12
 5490,13
 5491,14
 5492,11
 5493,13
 5494,12
 5495,13
 5496,14
 5497,10
 5498,13
 5499,12
 5500,13
 5501,14
 5502,11
 5503,13
 5504,12
 5505,13
 5506,14
 5507,8
 5508,13
 5509,12
 5510,13
 5511,11
 5512,13
 5513,12
 5514,13
 5515,14
 5516,10
 5517,13
 5518,12
 5519,13
 5520,14
 5521,11
 5522,13
 5523,12
 5524,13
 5525,14
 5526,9
 5527,13
 5528,12
 5529,13
 5530,14
 5531,11
 5532,13
 5533,12
 5534,13
 5535,14
 5536,10
 5537,13
 5538,12
 5539,13
 5540,14
 5541,11
 5542,13
 5543,12
 5544,13
 5545,14
 5546,7
 5547,13
 5548,12
 5549,13
 5550,11
 5551,13
 5552,12
 5553,13
 5554,14
 5555,10
 5556,13
 5557,12
 5558,13
 5559,14
 5560,11
 5561,13
 5562,12
 5563,13
 5564,14
 5565,9
 5566,13
 5567,12
 5568,13
 5569,14
 5570,11
 5571,13
 5572,12
 5573,13
 5574,14
 5575,10
 5576,13
 5577,12
 5578,13
 5579,14
 5580,11
 5581,13
 5582,12
 5583,13
 5584,14
 5585,8
 5586,13
 5587,12
 5588,13
 5589,14
 5590,11
 5591,13
 5592,12
 5593,13
 5594,14
 5595,10
 5596,13
 5597,12
 5598,13
 5599,14
 5600,11
 5601,13
 5602,12
 5603,13
 5604,14
 5605,9
 5606,13
 5607,12
 5608,13
 5609,14
 5610,11
 5611,13
 5612,12
 5613,13
 5614,14
 5615,10
 5616,13
 5617,12
 5618,13
 5619,14
 5620,11
 5621,13
 5622,12
 5623,13
 5624,14
 5625,4
 5626,13
 5627,12
 5628,13
 5629,11
 5630,13
 5631,12
 5632,13
 5633,14
 5634,10
 5635,13
 5636,12
 5637,13
 5638,14
 5639,11
 5640,13
 5641,12
 5642,13
 5643,14
 5644,9
 5645,13
 5646,12
 5647,13
 5648,14
 5649,11
 5650,13
 5651,12
 5652,13
 5653,14
 5654,10
 5655,13
 5656,12
 5657,13
 5658,14
 5659,11
 5660,13
 5661,12
 5662,13
 5663,14
 5664,8
 5665,13
 5666,12
 5667,13
 5668,11
 5669,13
 5670,12
 5671,13
 5672,14
 5673,10
 5674,13
 5675,12
 5676,13
 5677,14
 5678,11
 5679,13
 5680,12
 5681,13
 5682,14
 5683,9
 5684,13
 5685,12
 5686,13
 5687,14
 5688,11
 5689,13
 5690,12
 5691,13
 5692,14
 5693,10
 5694,13
 5695,12
 5696,13
 5697,14
 5698,11
 5699,13
 5700,12
 5701,13
 5702,14
 5703,7
 5704,13
 5705,12
 5706,13
 5707,11
 5708,13
 5709,12
 5710,13
 5711,14
 5712,10
 5713,13
 5714,12
 5715,13
 5716,14
 5717,11
 5718,13
 5719,12
 5720,13
 5721,14
 5722,9
 5723,13
 5724,12
 5725,13
 5726,14
 5727,11
 5728,13
 5729,12
 5730,13
 5731,14
 5732,10
 5733,13
 5734,12
 5735,13
 5736,14
 5737,11
 5738,13
 5739,12
 5740,13
 5741,14
 5742,8
 5743,13
 5744,12
 5745,13
 5746,11
 5747,13
 5748,12
 5749,13
 5750,14
 5751,10
 5752,13
 5753,12
 5754,13
 5755,14
 5756,11
 5757,13
 5758,12
 5759,13
 5760,14
 5761,9
 5762,13
 5763,12
 5764,13
 5765,14
 5766,11
 5767,13
 5768,12
 5769,13
 5770,14
 5771,10
 5772,13
 5773,12
 5774,13
 5775,14
 5776,11
 5777,13
 5778,12
 5779,13
 5780,14
 5781,6
 5782,13
 5783,12
 5784,13
 5785,11
 5786,13
 5787,12
 5788,13
 5789,14
 5790,10
 5791,13
 5792,12
 5793,13
 5794,14
 5795,11
 5796,13
 5797,12
 5798,13
 5799,14
 5800,9
 5801,13
 5802,12
 5803,13
 5804,14
 5805,11
 5806,13
 5807,12
 5808,13
 5809,14
 5810,10
 5811,13
 5812,12
 5813,13
 5814,14
 5815,11
 5816,13
 5817,12
 5818,13
 5819,14
 5820,8
 5821,13
 5822,12
 5823,13
 5824,11
 5825,13
 5826,12
 5827,13
 5828,14
 5829,10
 5830,13
 5831,12
 5832,13
 5833,14
 5834,11
 5835,13
 5836,12
 5837,13
 5838,14
 5839,9
 5840,13
 5841,12
 5842,13
 5843,14
 5844,11
 5845,13
 5846,12
 5847,13
 5848,14
 5849,10
 5850,13
 5851,12
 5852,13
 5853,14
 5854,11
 5855,13
 5856,12
 5857,13
 5858,14
 5859,7
 5860,13
 5861,12
 5862,13
 5863,11
 5864,13
 5865,12
 5866,13
 5867,14
 5868,10
 5869,13
 5870,12
 5871,13
 5872,14
 5873,11
 5874,13
 5875,12
 5876,13
 5877,14
 5878,9
 5879,13
 5880,12
 5881,13
 5882,14
 5883,11
 5884,13
 5885,12
 5886,13
 5887,14
 5888,10
 5889,13
 5890,12
 5891,13
 5892,14
 5893,11
 5894,13
 5895,12
 5896,13
 5897,14
 5898,8
 5899,13
 5900,12
 5901,13
 5902,11
 5903,13
 5904,12
 5905,13
 5906,14
 5907,10
 5908,13
 5909,12
 5910,13
 5911,14
 5912,11
 5913,13
 5914,12
 5915,13
 5916,14
 5917,9
 5918,13
 5919,12
 5920,13
 5921,14
 5922,11
 5923,13
 5924,12
 5925,13
 5926,14
 5927,10
 5928,13
 5929,12
 5930,13
 5931,14
 5932,11
 5933,13
 5934,12
 5935,13
 5936,14
 5937,5
 5938,13
 5939,12
 5940,13
 5941,11
 5942,13
 5943,12
 5944,13
 5945,14
 5946,10
 5947,13
 5948,12
 5949,13
 5950,14
 5951,11
 5952,13
 5953,12
 5954,13
 5955,14
 5956,9
 5957,13
 5958,12
 5959,13
 5960,14
 5961,11
 5962,13
 5963,12
 5964,13
 5965,14
 5966,10
 5967,13
 5968,12
 5969,13
 5970,14
 5971,11
 5972,13
 5973,12
 5974,13
 5975,14
 5976,8
 5977,13
 5978,12
 5979,13
 5980,11
 5981,13
 5982,12
 5983,13
 5984,14
 5985,10
 5986,13
 5987,12
 5988,13
 5989,14
 5990,11
 5991,13
 5992,12
 5993,13
 5994,14
 5995,9
 5996,13
 5997,12
 5998,13
 5999,14
 6000,11
 6001,13
 6002,12
 6003,13
 6004,14
 6005,10
 6006,13
 6007,12
 6008,13
 6009,14
 6010,11
 6011,13
 6012,12
 6013,13
 6014,14
 6015,7
 6016,13
 6017,12
 6018,13
 6019,11
 6020,13
 6021,12
 6022,13
 6023,14
 6024,10
 6025,13
 6026,12
 6027,13
 6028,14
 6029,11
 6030,13
 6031,12
 6032,13
 6033,14
 6034,9
 6035,13
 6036,12
 6037,13
 6038,14
 6039,11
 6040,13
 6041,12
 6042,13
 6043,14
 6044,10
 6045,13
 6046,12
 6047,13
 6048,14
 6049,11
 6050,13
 6051,12
 6052,13
 6053,14
 6054,8
 6055,13
 6056,12
 6057,13
 6058,11
 6059,13
 6060,12
 6061,13
 6062,14
 6063,10
 6064,13
 6065,12
 6066,13
 6067,14
 6068,11
 6069,13
 6070,12
 6071,13
 6072,14
 6073,9
 6074,13
 6075,12
 6076,13
 6077,14
 6078,11
 6079,13
 6080,12
 6081,13
 6082,14
 6083,10
 6084,13
 6085,12
 6086,13
 6087,14
 6088,11
 6089,13
 6090,12
 6091,13
 6092,14
 6093,6
 6094,13
 6095,12
 6096,13
 6097,11
 6098,13
 6099,12
 6100,13
 6101,14
 6102,10
 6103,13
 6104,12
 6105,13
 6106,14
 6107,11
 6108,13
 6109,12
 6110,13
 6111,14
 6112,9
 6113,13
 6114,12
 6115,13
 6116,14
 6117,11
 6118,13
 6119,12
 6120,13
 6121,14
 6122,10
 6123,13
 6124,12
 6125,13
 6126,14
 6127,11
 6128,13
 6129,12
 6130,13
 6131,14
 6132,8
 6133,13
 6134,12
 6135,13
 6136,11
 6137,13
 6138,12
 6139,13
 6140,14
 6141,10
 6142,13
 6143,12
 6144,13
 6145,14
 6146,11
 6147,13
 6148,12
 6149,13
 6150,14
 6151,9
 6152,13
 6153,12
 6154,13
 6155,14
 6156,11
 6157,13
 6158,12
 6159,13
 6160,14
 6161,10
 6162,13
 6163,12
 6164,13
 6165,14
 6166,11
 6167,13
 6168,12
 6169,13
 6170,14
 6171,7
 6172,13
 6173,12
 6174,13
 6175,11
 6176,13
 6177,12
 6178,13
 6179,14
 6180,10
 6181,13
 6182,12
 6183,13
 6184,14
 6185,11
 6186,13
 6187,12
 6188,13
 6189,14
 6190,9
 6191,13
 6192,12
 6193,13
 6194,14
 6195,11
 6196,13
 6197,12
 6198,13
 6199,14
 6200,10
 6201,13
 6202,12
 6203,13
 6204,14
 6205,11
 6206,13
 6207,12
 6208,13
 6209,14
 6210,8
 6211,13
 6212,12
 6213,13
 6214,14
 6215,11
 6216,13
 6217,12
 6218,13
 6219,14
 6220,10
 6221,13
 6222,12
 6223,13
 6224,14
 6225,11
 6226,13
 6227,12
 6228,13
 6229,14
 6230,9
 6231,13
 6232,12
 6233,13
 6234,14
 6235,11
 6236,13
 6237,12
 6238,13
 6239,14
 6240,10
 6241,13
 6242,12
 6243,13
 6244,14
 6245,11
 6246,13
 6247,12
 6248,13
 6249,14
 6250,3
 6251,13
 6252,12
 6253,13
 6254,11
 6255,13
 6256,12
 6257,13
 6258,14
 6259,10
 6260,13
 6261,12
 6262,13
 6263,14
 6264,11
 6265,13
 6266,12
 6267,13
 6268,14
 6269,9
 6270,13
 6271,12
 6272,13
 6273,14
 6274,11
 6275,13
 6276,12
 6277,13
 6278,14
 6279,10
 6280,13
 6281,12
 6282,13
 6283,14
 6284,11
 6285,13
 6286,12
 6287,13
 6288,14
 6289,8
 6290,13
 6291,12
 6292,13
 6293,11
 6294,13
 6295,12
 6296,13
 6297,14
 6298,10
 6299,13
 6300,12
 6301,13
 6302,14
 6303,11
 6304,13
 6305,12
 6306,13
 6307,14
 6308,9
 6309,13
 6310,12
 6311,13
 6312,14
 6313,11
 6314,13
 6315,12
 6316,13
 6317,14
 6318,10
 6319,13
 6320,12
 6321,13
 6322,14
 6323,11
 6324,13
 6325,12
 6326,13
 6327,14
 6328,7
 6329,13
 6330,12
 6331,13
 6332,11
 6333,13
 6334,12
 6335,13
 6336,14
 6337,10
 6338,13
 6339,12
 6340,13
 6341,14
 6342,11
 6343,13
 6344,12
 6345,13
 6346,14
 6347,9
 6348,13
 6349,12
 6350,13
 6351,14
 6352,11
 6353,13
 6354,12
 6355,13
 6356,14
 6357,10
 6358,13
 6359,12
 6360,13
 6361,14
 6362,11
 6363,13
 6364,12
 6365,13
 6366,14
 6367,8
 6368,13
 6369,12
 6370,13
 6371,11
 6372,13
 6373,12
 6374,13
 6375,14
 6376,10
 6377,13
 6378,12
 6379,13
 6380,14
 6381,11
 6382,13
 6383,12
 6384,13
 6385,14
 6386,9
 6387,13
 6388,12
 6389,13
 6390,14
 6391,11
 6392,13
 6393,12
 6394,13
 6395,14
 6396,10
 6397,13
 6398,12
 6399,13
 6400,14
 6401,11
 6402,13
 6403,12
 6404,13
 6405,14
 6406,6
 6407,13
 6408,12
 6409,13
 6410,11
 6411,13
 6412,12
 6413,13
 6414,14
 6415,10
 6416,13
 6417,12
 6418,13
 6419,14
 6420,11
 6421,13
 6422,12
 6423,13
 6424,14
 6425,9
 6426,13
 6427,12
 6428,13
 6429,14
 6430,11
 6431,13
 6432,12
 6433,13
 6434,14
 6435,10
 6436,13
 6437,12
 6438,13
 6439,14
 6440,11
 6441,13
 6442,12
 6443,13
 6444,14
 6445,8
 6446,13
 6447,12
 6448,13
 6449,11
 6450,13
 6451,12
 6452,13
 6453,14
 6454,10
 6455,13
 6456,12
 6457,13
 6458,14
 6459,11
 6460,13
 6461,12
 6462,13
 6463,14
 6464,9
 6465,13
 6466,12
 6467,13
 6468,14
 6469,11
 6470,13
 6471,12
 6472,13
 6473,14
 6474,10
 6475,13
 6476,12
 6477,13
 6478,14
 6479,11
 6480,13
 6481,12
 6482,13
 6483,14
 6484,7
 6485,13
 6486,12
 6487,13
 6488,11
 6489,13
 6490,12
 6491,13
 6492,14
 6493,10
 6494,13
 6495,12
 6496,13
 6497,14
 6498,11
 6499,13
 6500,12
 6501,13
 6502,14
 6503,9
 6504,13
 6505,12
 6506,13
 6507,14
 6508,11
 6509,13
 6510,12
 6511,13
 6512,14
 6513,10
 6514,13
 6515,12
 6516,13
 6517,14
 6518,11
 6519,13
 6520,12
 6521,13
 6522,14
 6523,8
 6524,13
 6525,12
 6526,13
 6527,11
 6528,13
 6529,12
 6530,13
 6531,14
 6532,10
 6533,13
 6534,12
 6535,13
 6536,14
 6537,11
 6538,13
 6539,12
 6540,13
 6541,14
 6542,9
 6543,13
 6544,12
 6545,13
 6546,14
 6547,11
 6548,13
 6549,12
 6550,13
 6551,14
 6552,10
 6553,13
 6554,12
 6555,13
 6556,14
 6557,11
 6558,13
 6559,12
 6560,13
 6561,14
 6562,5
 6563,13
 6564,12
 6565,13
 6566,11
 6567,13
 6568,12
 6569,13
 6570,14
 6571,10
 6572,13
 6573,12
 6574,13
 6575,14
 6576,11
 6577,13
 6578,12
 6579,13
 6580,14
 6581,9
 6582,13
 6583,12
 6584,13
 6585,14
 6586,11
 6587,13
 6588,12
 6589,13
 6590,14
 6591,10
 6592,13
 6593,12
 6594,13
 6595,14
 6596,11
 6597,13
 6598,12
 6599,13
 6600,14
 6601,8
 6602,13
 6603,12
 6604,13
 6605,11
 6606,13
 6607,12
 6608,13
 6609,14
 6610,10
 6611,13
 6612,12
 6613,13
 6614,14
 6615,11
 6616,13
 6617,12
 6618,13
 6619,14
 6620,9
 6621,13
 6622,12
 6623,13
 6624,14
 6625,11
 6626,13
 6627,12
 6628,13
 6629,14
 6630,10
 6631,13
 6632,12
 6633,13
 6634,14
 6635,11
 6636,13
 6637,12
 6638,13
 6639,14
 6640,7
 6641,13
 6642,12
 6643,13
 6644,11
 6645,13
 6646,12
 6647,13
 6648,14
 6649,10
 6650,13
 6651,12
 6652,13
 6653,14
 6654,11
 6655,13
 6656,12
 6657,13
 6658,14
 6659,9
 6660,13
 6661,12
 6662,13
 6663,14
 6664,11
 6665,13
 6666,12
 6667,13
 6668,14
 6669,10
 6670,13
 6671,12
 6672,13
 6673,14
 6674,11
 6675,13
 6676,12
 6677,13
 6678,14
 6679,8
 6680,13
 6681,12
 6682,13
 6683,11
 6684,13
 6685,12
 6686,13
 6687,14
 6688,10
 6689,13
 6690,12
 6691,13
 6692,14
 6693,11
 6694,13
 6695,12
 6696,13
 6697,14
 6698,9
 6699,13
 6700,12
 6701,13
 6702,14
 6703,11
 6704,13
 6705,12
 6706,13
 6707,14
 6708,10
 6709,13
 6710,12
 6711,13
 6712,14
 6713,11
 6714,13
 6715,12
 6716,13
 6717,14
 6718,6
 6719,13
 6720,12
 6721,13
 6722,11
 6723,13
 6724,12
 6725,13
 6726,14
 6727,10
 6728,13
 6729,12
 6730,13
 6731,14
 6732,11
 6733,13
 6734,12
 6735,13
 6736,14
 6737,9
 6738,13
 6739,12
 6740,13
 6741,14
 6742,11
 6743,13
 6744,12
 6745,13
 6746,14
 6747,10
 6748,13
 6749,12
 6750,13
 6751,14
 6752,11
 6753,13
 6754,12
 6755,13
 6756,14
 6757,8
 6758,13
 6759,12
 6760,13
 6761,11
 6762,13
 6763,12
 6764,13
 6765,14
 6766,10
 6767,13
 6768,12
 6769,13
 6770,14
 6771,11
 6772,13
 6773,12
 6774,13
 6775,14
 6776,9
 6777,13
 6778,12
 6779,13
 6780,14
 6781,11
 6782,13
 6783,12
 6784,13
 6785,14
 6786,10
 6787,13
 6788,12
 6789,13
 6790,14
 6791,11
 6792,13
 6793,12
 6794,13
 6795,14
 6796,7
 6797,13
 6798,12
 6799,13
 6800,11
 6801,13
 6802,12
 6803,13
 6804,14
 6805,10
 6806,13
 6807,12
 6808,13
 6809,14
 6810,11
 6811,13
 6812,12
 6813,13
 6814,14
 6815,9
 6816,13
 6817,12
 6818,13
 6819,14
 6820,11
 6821,13
 6822,12
 6823,13
 6824,14
 6825,10
 6826,13
 6827,12
 6828,13
 6829,14
 6830,11
 6831,13
 6832,12
 6833,13
 6834,14
 6835,8
 6836,13
 6837,12
 6838,13
 6839,14
 6840,11
 6841,13
 6842,12
 6843,13
 6844,14
 6845,10
 6846,13
 6847,12
 6848,13
 6849,14
 6850,11
 6851,13
 6852,12
 6853,13
 6854,14
 6855,9
 6856,13
 6857,12
 6858,13
 6859,14
 6860,11
 6861,13
 6862,12
 6863,13
 6864,14
 6865,10
 6866,13
 6867,12
 6868,13
 6869,14
 6870,11
 6871,13
 6872,12
 6873,13
 6874,14
 6875,4
 6876,13
 6877,12
 6878,13
 6879,11
 6880,13
 6881,12
 6882,13
 6883,14
 6884,10
 6885,13
 6886,12
 6887,13
 6888,14
 6889,11
 6890,13
 6891,12
 6892,13
 6893,14
 6894,9
 6895,13
 6896,12
 6897,13
 6898,14
 6899,11
 6900,13
 6901,12
 6902,13
 6903,14
 6904,10
 6905,13
 6906,12
 6907,13
 6908,14
 6909,11
 6910,13
 6911,12
 6912,13
 6913,14
 6914,8
 6915,13
 6916,12
 6917,13
 6918,11
 6919,13
 6920,12
 6921,13
 6922,14
 6923,10
 6924,13
 6925,12
 6926,13
 6927,14
 6928,11
 6929,13
 6930,12
 6931,13
 6932,14
 6933,9
 6934,13
 6935,12
 6936,13
 6937,14
 6938,11
 6939,13
 6940,12
 6941,13
 6942,14
 6943,10
 6944,13
 6945,12
 6946,13
 6947,14
 6948,11
 6949,13
 6950,12
 6951,13
 6952,14
 6953,7
 6954,13
 6955,12
 6956,13
 6957,11
 6958,13
 6959,12
 6960,13
 6961,14
 6962,10
 6963,13
 6964,12
 6965,13
 6966,14
 6967,11
 6968,13
 6969,12
 6970,13
 6971,14
 6972,9
 6973,13
 6974,12
 6975,13
 6976,14
 6977,11
 6978,13
 6979,12
 6980,13
 6981,14
 6982,10
 6983,13
 6984,12
 6985,13
 6986,14
 6987,11
 6988,13
 6989,12
 6990,13
 6991,14
 6992,8
 6993,13
 6994,12
 6995,13
 6996,11
 6997,13
 6998,12
 6999,13
 7000,14
 7001,10
 7002,13
 7003,12
 7004,13
 7005,14
 7006,11
 7007,13
 7008,12
 7009,13
 7010,14
 7011,9
 7012,13
 7013,12
 7014,13
 7015,14
 7016,11
 7017,13
 7018,12
 7019,13
 7020,14
 7021,10
 7022,13
 7023,12
 7024,13
 7025,14
 7026,11
 7027,13
 7028,12
 7029,13
 7030,14
 7031,6
 7032,13
 7033,12
 7034,13
 7035,11
 7036,13
 7037,12
 7038,13
 7039,14
 7040,10
 7041,13
 7042,12
 7043,13
 7044,14
 7045,11
 7046,13
 7047,12
 7048,13
 7049,14
 7050,9
 7051,13
 7052,12
 7053,13
 7054,14
 7055,11
 7056,13
 7057,12
 7058,13
 7059,14
 7060,10
 7061,13
 7062,12
 7063,13
 7064,14
 7065,11
 7066,13
 7067,12
 7068,13
 7069,14
 7070,8
 7071,13
 7072,12
 7073,13
 7074,11
 7075,13
 7076,12
 7077,13
 7078,14
 7079,10
 7080,13
 7081,12
 7082,13
 7083,14
 7084,11
 7085,13
 7086,12
 7087,13
 7088,14
 7089,9
 7090,13
 7091,12
 7092,13
 7093,14
 7094,11
 7095,13
 7096,12
 7097,13
 7098,14
 7099,10
 7100,13
 7101,12
 7102,13
 7103,14
 7104,11
 7105,13
 7106,12
 7107,13
 7108,14
 7109,7
 7110,13
 7111,12
 7112,13
 7113,11
 7114,13
 7115,12
 7116,13
 7117,14
 7118,10
 7119,13
 7120,12
 7121,13
 7122,14
 7123,11
 7124,13
 7125,12
 7126,13
 7127,14
 7128,9
 7129,13
 7130,12
 7131,13
 7132,14
 7133,11
 7134,13
 7135,12
 7136,13
 7137,14
 7138,10
 7139,13
 7140,12
 7141,13
 7142,14
 7143,11
 7144,13
 7145,12
 7146,13
 7147,14
 7148,8
 7149,13
 7150,12
 7151,13
 7152,11
 7153,13
 7154,12
 7155,13
 7156,14
 7157,10
 7158,13
 7159,12
 7160,13
 7161,14
 7162,11
 7163,13
 7164,12
 7165,13
 7166,14
 7167,9
 7168,13
 7169,12
 7170,13
 7171,14
 7172,11
 7173,13
 7174,12
 7175,13
 7176,14
 7177,10
 7178,13
 7179,12
 7180,13
 7181,14
 7182,11
 7183,13
 7184,12
 7185,13
 7186,14
 7187,5
 7188,13
 7189,12
 7190,13
 7191,11
 7192,13
 7193,12
 7194,13
 7195,14
 7196,10
 7197,13
 7198,12
 7199,13
 7200,14
 7201,11
 7202,13
 7203,12
 7204,13
 7205,14
 7206,9
 7207,13
 7208,12
 7209,13
 7210,14
 7211,11
 7212,13
 7213,12
 7214,13
 7215,14
 7216,10
 7217,13
 7218,12
 7219,13
 7220,14
 7221,11
 7222,13
 7223,12
 7224,13
 7225,14
 7226,8
 7227,13
 7228,12
 7229,13
 7230,11
 7231,13
 7232,12
 7233,13
 7234,14
 7235,10
 7236,13
 7237,12
 7238,13
 7239,14
 7240,11
 7241,13
 7242,12
 7243,13
 7244,14
 7245,9
 7246,13
 7247,12
 7248,13
 7249,14
 7250,11
 7251,13
 7252,12
 7253,13
 7254,14
 7255,10
 7256,13
 7257,12
 7258,13
 7259,14
 7260,11
 7261,13
 7262,12
 7263,13
 7264,14
 7265,7
 7266,13
 7267,12
 7268,13
 7269,11
 7270,13
 7271,12
 7272,13
 7273,14
 7274,10
 7275,13
 7276,12
 7277,13
 7278,14
 7279,11
 7280,13
 7281,12
 7282,13
 7283,14
 7284,9
 7285,13
 7286,12
 7287,13
 7288,14
 7289,11
 7290,13
 7291,12
 7292,13
 7293,14
 7294,10
 7295,13
 7296,12
 7297,13
 7298,14
 7299,11
 7300,13
 7301,12
 7302,13
 7303,14
 7304,8
 7305,13
 7306,12
 7307,13
 7308,11
 7309,13
 7310,12
 7311,13
 7312,14
 7313,10
 7314,13
 7315,12
 7316,13
 7317,14
 7318,11
 7319,13
 7320,12
 7321,13
 7322,14
 7323,9
 7324,13
 7325,12
 7326,13
 7327,14
 7328,11
 7329,13
 7330,12
 7331,13
 7332,14
 7333,10
 7334,13
 7335,12
 7336,13
 7337,14
 7338,11
 7339,13
 7340,12
 7341,13
 7342,14
 7343,6
 7344,13
 7345,12
 7346,13
 7347,11
 7348,13
 7349,12
 7350,13
 7351,14
 7352,10
 7353,13
 7354,12
 7355,13
 7356,14
 7357,11
 7358,13
 7359,12
 7360,13
 7361,14
 7362,9
 7363,13
 7364,12
 7365,13
 7366,14
 7367,11
 7368,13
 7369,12
 7370,13
 7371,14
 7372,10
 7373,13
 7374,12
 7375,13
 7376,14
 7377,11
 7378,13
 7379,12
 7380,13
 7381,14
 7382,8
 7383,13
 7384,12
 7385,13
 7386,11
 7387,13
 7388,12
 7389,13
 7390,14
 7391,10
 7392,13
 7393,12
 7394,13
 7395,14
 7396,11
 7397,13
 7398,12
 7399,13
 7400,14
 7401,9
 7402,13
 7403,12
 7404,13
 7405,14
 7406,11
 7407,13
 7408,12
 7409,13
 7410,14
 7411,10
 7412,13
 7413,12
 7414,13
 7415,14
 7416,11
 7417,13
 7418,12
 7419,13
 7420,14
 7421,7
 7422,13
 7423,12
 7424,13
 7425,11
 7426,13
 7427,12
 7428,13
 7429,14
 7430,10
 7431,13
 7432,12
 7433,13
 7434,14
 7435,11
 7436,13
 7437,12
 7438,13
 7439,14
 7440,9
 7441,13
 7442,12
 7443,13
 7444,14
 7445,11
 7446,13
 7447,12
 7448,13
 7449,14
 7450,10
 7451,13
 7452,12
 7453,13
 7454,14
 7455,11
 7456,13
 7457,12
 7458,13
 7459,14
 7460,8
 7461,13
 7462,12
 7463,13
 7464,14
 7465,11
 7466,13
 7467,12
 7468,13
 7469,14
 7470,10
 7471,13
 7472,12
 7473,13
 7474,14
 7475,11
 7476,13
 7477,12
 7478,13
 7479,14
 7480,9
 7481,13
 7482,12
 7483,13
 7484,14
 7485,11
 7486,13
 7487,12
 7488,13
 7489,14
 7490,10
 7491,13
 7492,12
 7493,13
 7494,14
 7495,11
 7496,13
 7497,12
 7498,13
 7499,14
 7500,2
 7501,13
 7502,12
 7503,13
 7504,11
 7505,13
 7506,12
 7507,13
 7508,14
 7509,10
 7510,13
 7511,12
 7512,13
 7513,14
 7514,11
 7515,13
 7516,12
 7517,13
 7518,14
 7519,9
 7520,13
 7521,12
 7522,13
 7523,14
 7524,11
 7525,13
 7526,12
 7527,13
 7528,14
 7529,10
 7530,13
 7531,12
 7532,13
 7533,14
 7534,11
 7535,13
 7536,12
 7537,13
 7538,14
 7539,8
 7540,13
 7541,12
 7542,13
 7543,11
 7544,13
 7545,12
 7546,13
 7547,14
 7548,10
 7549,13
 7550,12
 7551,13
 7552,14
 7553,11
 7554,13
 7555,12
 7556,13
 7557,14
 7558,9
 7559,13
 7560,12
 7561,13
 7562,14
 7563,11
 7564,13
 7565,12
 7566,13
 7567,14
 7568,10
 7569,13
 7570,12
 7571,13
 7572,14
 7573,11
 7574,13
 7575,12
 7576,13
 7577,14
 7578,7
 7579,13
 7580,12
 7581,13
 7582,11
 7583,13
 7584,12
 7585,13
 7586,14
 7587,10
 7588,13
 7589,12
 7590,13
 7591,14
 7592,11
 7593,13
 7594,12
 7595,13
 7596,14
 7597,9
 7598,13
 7599,12
 7600,13
 7601,14
 7602,11
 7603,13
 7604,12
 7605,13
 7606,14
 7607,10
 7608,13
 7609,12
 7610,13
 7611,14
 7612,11
 7613,13
 7614,12
 7615,13
 7616,14
 7617,8
 7618,13
 7619,12
 7620,13
 7621,11
 7622,13
 7623,12
 7624,13
 7625,14
 7626,10
 7627,13
 7628,12
 7629,13
 7630,14
 7631,11
 7632,13
 7633,12
 7634,13
 7635,14
 7636,9
 7637,13
 7638,12
 7639,13
 7640,14
 7641,11
 7642,13
 7643,12
 7644,13
 7645,14
 7646,10
 7647,13
 7648,12
 7649,13
 7650,14
 7651,11
 7652,13
 7653,12
 7654,13
 7655,14
 7656,6
 7657,13
 7658,12
 7659,13
 7660,11
 7661,13
 7662,12
 7663,13
 7664,14
 7665,10
 7666,13
 7667,12
 7668,13
 7669,14
 7670,11
 7671,13
 7672,12
 7673,13
 7674,14
 7675,9
 7676,13
 7677,12
 7678,13
 7679,14
 7680,11
 7681,13
 7682,12
 7683,13
 7684,14
 7685,10
 7686,13
 7687,12
 7688,13
 7689,14
 7690,11
 7691,13
 7692,12
 7693,13
 7694,14
 7695,8
 7696,13
 7697,12
 7698,13
 7699,11
 7700,13
 7701,12
 7702,13
 7703,14
 7704,10
 7705,13
 7706,12
 7707,13
 7708,14
 7709,11
 7710,13
 7711,12
 7712,13
 7713,14
 7714,9
 7715,13
 7716,12
 7717,13
 7718,14
 7719,11
 7720,13
 7721,12
 7722,13
 7723,14
 7724,10
 7725,13
 7726,12
 7727,13
 7728,14
 7729,11
 7730,13
 7731,12
 7732,13
 7733,14
 7734,7
 7735,13
 7736,12
 7737,13
 7738,11
 7739,13
 7740,12
 7741,13
 7742,14
 7743,10
 7744,13
 7745,12
 7746,13
 7747,14
 7748,11
 7749,13
 7750,12
 7751,13
 7752,14
 7753,9
 7754,13
 7755,12
 7756,13
 7757,14
 7758,11
 7759,13
 7760,12
 7761,13
 7762,14
 7763,10
 7764,13
 7765,12
 7766,13
 7767,14
 7768,11
 7769,13
 7770,12
 7771,13
 7772,14
 7773,8
 7774,13
 7775,12
 7776,13
 7777,11
 7778,13
 7779,12
 7780,13
 7781,14
 7782,10
 7783,13
 7784,12
 7785,13
 7786,14
 7787,11
 7788,13
 7789,12
 7790,13
 7791,14
 7792,9
 7793,13
 7794,12
 7795,13
 7796,14
 7797,11
 7798,13
 7799,12
 7800,13
 7801,14
 7802,10
 7803,13
 7804,12
 7805,13
 7806,14
 7807,11
 7808,13
 7809,12
 7810,13
 7811,14
 7812,5
 7813,13
 7814,12
 7815,13
 7816,11
 7817,13
 7818,12
 7819,13
 7820,14
 7821,10
 7822,13
 7823,12
 7824,13
 7825,14
 7826,11
 7827,13
 7828,12
 7829,13
 7830,14
 7831,9
 7832,13
 7833,12
 7834,13
 7835,14
 7836,11
 7837,13
 7838,12
 7839,13
 7840,14
 7841,10
 7842,13
 7843,12
 7844,13
 7845,14
 7846,11
 7847,13
 7848,12
 7849,13
 7850,14
 7851,8
 7852,13
 7853,12
 7854,13
 7855,11
 7856,13
 7857,12
 7858,13
 7859,14
 7860,10
 7861,13
 7862,12
 7863,13
 7864,14
 7865,11
 7866,13
 7867,12
 7868,13
 7869,14
 7870,9
 7871,13
 7872,12
 7873,13
 7874,14
 7875,11
 7876,13
 7877,12
 7878,13
 7879,14
 7880,10
 7881,13
 7882,12
 7883,13
 7884,14
 7885,11
 7886,13
 7887,12
 7888,13
 7889,14
 7890,7
 7891,13
 7892,12
 7893,13
 7894,11
 7895,13
 7896,12
 7897,13
 7898,14
 7899,10
 7900,13
 7901,12
 7902,13
 7903,14
 7904,11
 7905,13
 7906,12
 7907,13
 7908,14
 7909,9
 7910,13
 7911,12
 7912,13
 7913,14
 7914,11
 7915,13
 7916,12
 7917,13
 7918,14
 7919,10
 7920,13
 7921,12
 7922,13
 7923,14
 7924,11
 7925,13
 7926,12
 7927,13
 7928,14
 7929,8
 7930,13
 7931,12
 7932,13
 7933,11
 7934,13
 7935,12
 7936,13
 7937,14
 7938,10
 7939,13
 7940,12
 7941,13
 7942,14
 7943,11
 7944,13
 7945,12
 7946,13
 7947,14
 7948,9
 7949,13
 7950,12
 7951,13
 7952,14
 7953,11
 7954,13
 7955,12
 7956,13
 7957,14
 7958,10
 7959,13
 7960,12
 7961,13
 7962,14
 7963,11
 7964,13
 7965,12
 7966,13
 7967,14
 7968,6
 7969,13
 7970,12
 7971,13
 7972,11
 7973,13
 7974,12
 7975,13
 7976,14
 7977,10
 7978,13
 7979,12
 7980,13
 7981,14
 7982,11
 7983,13
 7984,12
 7985,13
 7986,14
 7987,9
 7988,13
 7989,12
 7990,13
 7991,14
 7992,11
 7993,13
 7994,12
 7995,13
 7996,14
 7997,10
 7998,13
 7999,12
 8000,13
 8001,14
 8002,11
 8003,13
 8004,12
 8005,13
 8006,14
 8007,8
 8008,13
 8009,12
 8010,13
 8011,11
 8012,13
 8013,12
 8014,13
 8015,14
 8016,10
 8017,13
 8018,12
 8019,13
 8020,14
 8021,11
 8022,13
 8023,12
 8024,13
 8025,14
 8026,9
 8027,13
 8028,12
 8029,13
 8030,14
 8031,11
 8032,13
 8033,12
 8034,13
 8035,14
 8036,10
 8037,13
 8038,12
 8039,13
 8040,14
 8041,11
 8042,13
 8043,12
 8044,13
 8045,14
 8046,7
 8047,13
 8048,12
 8049,13
 8050,11
 8051,13
 8052,12
 8053,13
 8054,14
 8055,10
 8056,13
 8057,12
 8058,13
 8059,14
 8060,11
 8061,13
 8062,12
 8063,13
 8064,14
 8065,9
 8066,13
 8067,12
 8068,13
 8069,14
 8070,11
 8071,13
 8072,12
 8073,13
 8074,14
 8075,10
 8076,13
 8077,12
 8078,13
 8079,14
 8080,11
 8081,13
 8082,12
 8083,13
 8084,14
 8085,8
 8086,13
 8087,12
 8088,13
 8089,14
 8090,11
 8091,13
 8092,12
 8093,13
 8094,14
 8095,10
 8096,13
 8097,12
 8098,13
 8099,14
 8100,11
 8101,13
 8102,12
 8103,13
 8104,14
 8105,9
 8106,13
 8107,12
 8108,13
 8109,14
 8110,11
 8111,13
 8112,12
 8113,13
 8114,14
 8115,10
 8116,13
 8117,12
 8118,13
 8119,14
 8120,11
 8121,13
 8122,12
 8123,13
 8124,14
 8125,4
 8126,13
 8127,12
 8128,13
 8129,11
 8130,13
 8131,12
 8132,13
 8133,14
 8134,10
 8135,13
 8136,12
 8137,13
 8138,14
 8139,11
 8140,13
 8141,12
 8142,13
 8143,14
 8144,9
 8145,13
 8146,12
 8147,13
 8148,14
 8149,11
 8150,13
 8151,12
 8152,13
 8153,14
 8154,10
 8155,13
 8156,12
 8157,13
 8158,14
 8159,11
 8160,13
 8161,12
 8162,13
 8163,14
 8164,8
 8165,13
 8166,12
 8167,13
 8168,11
 8169,13
 8170,12
 8171,13
 8172,14
 8173,10
 8174,13
 8175,12
 8176,13
 8177,14
 8178,11
 8179,13
 8180,12
 8181,13
 8182,14
 8183,9
 8184,13
 8185,12
 8186,13
 8187,14
 8188,11
 8189,13
 8190,12
 8191,13
 8192,14
 8193,10
 8194,13
 8195,12
 8196,13
 8197,14
 8198,11
 8199,13
 8200,12
 8201,13
 8202,14
 8203,7
 8204,13
 8205,12
 8206,13
 8207,11
 8208,13
 8209,12
 8210,13
 8211,14
 8212,10
 8213,13
 8214,12
 8215,13
 8216,14
 8217,11
 8218,13
 8219,12
 8220,13
 8221,14
 8222,9
 8223,13
 8224,12
 8225,13
 8226,14
 8227,11
 8228,13
 8229,12
 8230,13
 8231,14
 8232,10
 8233,13
 8234,12
 8235,13
 8236,14
 8237,11
 8238,13
 8239,12
 8240,13
 8241,14
 8242,8
 8243,13
 8244,12
 8245,13
 8246,11
 8247,13
 8248,12
 8249,13
 8250,14
 8251,10
 8252,13
 8253,12
 8254,13
 8255,14
 8256,11
 8257,13
 8258,12
 8259,13
 8260,14
 8261,9
 8262,13
 8263,12
 8264,13
 8265,14
 8266,11
 8267,13
 8268,12
 8269,13
 8270,14
 8271,10
 8272,13
 8273,12
 8274,13
 8275,14
 8276,11
 8277,13
 8278,12
 8279,13
 8280,14
 8281,6
 8282,13
 8283,12
 8284,13
 8285,11
 8286,13
 8287,12
 8288,13
 8289,14
 8290,10
 8291,13
 8292,12
 8293,13
 8294,14
 8295,11
 8296,13
 8297,12
 8298,13
 8299,14
 8300,9
 8301,13
 8302,12
 8303,13
 8304,14
 8305,11
 8306,13
 8307,12
 8308,13
 8309,14
 8310,10
 8311,13
 8312,12
 8313,13
 8314,14
 8315,11
 8316,13
 8317,12
 8318,13
 8319,14
 8320,8
 8321,13
 8322,12
 8323,13
 8324,11
 8325,13
 8326,12
 8327,13
 8328,14
 8329,10
 8330,13
 8331,12
 8332,13
 8333,14
 8334,11
 8335,13
 8336,12
 8337,13
 8338,14
 8339,9
 8340,13
 8341,12
 8342,13
 8343,14
 8344,11
 8345,13
 8346,12
 8347,13
 8348,14
 8349,10
 8350,13
 8351,12
 8352,13
 8353,14
 8354,11
 8355,13
 8356,12
 8357,13
 8358,14
 8359,7
 8360,13
 8361,12
 8362,13
 8363,11
 8364,13
 8365,12
 8366,13
 8367,14
 8368,10
 8369,13
 8370,12
 8371,13
 8372,14
 8373,11
 8374,13
 8375,12
 8376,13
 8377,14
 8378,9
 8379,13
 8380,12
 8381,13
 8382,14
 8383,11
 8384,13
 8385,12
 8386,13
 8387,14
 8388,10
 8389,13
 8390,12
 8391,13
 8392,14
 8393,11
 8394,13
 8395,12
 8396,13
 8397,14
 8398,8
 8399,13
 8400,12
 8401,13
 8402,11
 8403,13
 8404,12
 8405,13
 8406,14
 8407,10
 8408,13
 8409,12
 8410,13
 8411,14
 8412,11
 8413,13
 8414,12
 8415,13
 8416,14
 8417,9
 8418,13
 8419,12
 8420,13
 8421,14
 8422,11
 8423,13
 8424,12
 8425,13
 8426,14
 8427,10
 8428,13
 8429,12
 8430,13
 8431,14
 8432,11
 8433,13
 8434,12
 8435,13
 8436,14
 8437,5
 8438,13
 8439,12
 8440,13
 8441,11
 8442,13
 8443,12
 8444,13
 8445,14
 8446,10
 8447,13
 8448,12
 8449,13
 8450,14
 8451,11
 8452,13
 8453,12
 8454,13
 8455,14
 8456,9
 8457,13
 8458,12
 8459,13
 8460,14
 8461,11
 8462,13
 8463,12
 8464,13
 8465,14
 8466,10
 8467,13
 8468,12
 8469,13
 8470,14
 8471,11
 8472,13
 8473,12
 8474,13
 8475,14
 8476,8
 8477,13
 8478,12
 8479,13
 8480,11
 8481,13
 8482,12
 8483,13
 8484,14
 8485,10
 8486,13
 8487,12
 8488,13
 8489,14
 8490,11
 8491,13
 8492,12
 8493,13
 8494,14
 8495,9
 8496,13
 8497,12
 8498,13
 8499,14
 8500,11
 8501,13
 8502,12
 8503,13
 8504,14
 8505,10
 8506,13
 8507,12
 8508,13
 8509,14
 8510,11
 8511,13
 8512,12
 8513,13
 8514,14
 8515,7
 8516,13
 8517,12
 8518,13
 8519,11
 8520,13
 8521,12
 8522,13
 8523,14
 8524,10
 8525,13
 8526,12
 8527,13
 8528,14
 8529,11
 8530,13
 8531,12
 8532,13
 8533,14
 8534,9
 8535,13
 8536,12
 8537,13
 8538,14
 8539,11
 8540,13
 8541,12
 8542,13
 8543,14
 8544,10
 8545,13
 8546,12
 8547,13
 8548,14
 8549,11
 8550,13
 8551,12
 8552,13
 8553,14
 8554,8
 8555,13
 8556,12
 8557,13
 8558,11
 8559,13
 8560,12
 8561,13
 8562,14
 8563,10
 8564,13
 8565,12
 8566,13
 8567,14
 8568,11
 8569,13
 8570,12
 8571,13
 8572,14
 8573,9
 8574,13
 8575,12
 8576,13
 8577,14
 8578,11
 8579,13
 8580,12
 8581,13
 8582,14
 8583,10
 8584,13
 8585,12
 8586,13
 8587,14
 8588,11
 8589,13
 8590,12
 8591,13
 8592,14
 8593,6
 8594,13
 8595,12
 8596,13
 8597,11
 8598,13
 8599,12
 8600,13
 8601,14
 8602,10
 8603,13
 8604,12
 8605,13
 8606,14
 8607,11
 8608,13
 8609,12
 8610,13
 8611,14
 8612,9
 8613,13
 8614,12
 8615,13
 8616,14
 8617,11
 8618,13
 8619,12
 8620,13
 8621,14
 8622,10
 8623,13
 8624,12
 8625,13
 8626,14
 8627,11
 8628,13
 8629,12
 8630,13
 8631,14
 8632,8
 8633,13
 8634,12
 8635,13
 8636,11
 8637,13
 8638,12
 8639,13
 8640,14
 8641,10
 8642,13
 8643,12
 8644,13
 8645,14
 8646,11
 8647,13
 8648,12
 8649,13
 8650,14
 8651,9
 8652,13
 8653,12
 8654,13
 8655,14
 8656,11
 8657,13
 8658,12
 8659,13
 8660,14
 8661,10
 8662,13
 8663,12
 8664,13
 8665,14
 8666,11
 8667,13
 8668,12
 8669,13
 8670,14
 8671,7
 8672,13
 8673,12
 8674,13
 8675,11
 8676,13
 8677,12
 8678,13
 8679,14
 8680,10
 8681,13
 8682,12
 8683,13
 8684,14
 8685,11
 8686,13
 8687,12
 8688,13
 8689,14
 8690,9
 8691,13
 8692,12
 8693,13
 8694,14
 8695,11
 8696,13
 8697,12
 8698,13
 8699,14
 8700,10
 8701,13
 8702,12
 8703,13
 8704,14
 8705,11
 8706,13
 8707,12
 8708,13
 8709,14
 8710,8
 8711,13
 8712,12
 8713,13
 8714,14
 8715,11
 8716,13
 8717,12
 8718,13
 8719,14
 8720,10
 8721,13
 8722,12
 8723,13
 8724,14
 8725,11
 8726,13
 8727,12
 8728,13
 8729,14
 8730,9
 8731,13
 8732,12
 8733,13
 8734,14
 8735,11
 8736,13
 8737,12
 8738,13
 8739,14
 8740,10
 8741,13
 8742,12
 8743,13
 8744,14
 8745,11
 8746,13
 8747,12
 8748,13
 8749,14
 8750,3
 8751,13
 8752,12
 8753,13
 8754,11
 8755,13
 8756,12
 8757,13
 8758,14
 8759,10
 8760,13
 8761,12
 8762,13
 8763,14
 8764,11
 8765,13
 8766,12
 8767,13
 8768,14
 8769,9
 8770,13
 8771,12
 8772,13
 8773,14
 8774,11
 8775,13
 8776,12
 8777,13
 8778,14
 8779,10
 8780,13
 8781,12
 8782,13
 8783,14
 8784,11
 8785,13
 8786,12
 8787,13
 8788,14
 8789,8
 8790,13
 8791,12
 8792,13
 8793,11
 8794,13
 8795,12
 8796,13
 8797,14
 8798,10
 8799,13
 8800,12
 8801,13
 8802,14
 8803,11
 8804,13
 8805,12
 8806,13
 8807,14
 8808,9
 8809,13
 8810,12
 8811,13
 8812,14
 8813,11
 8814,13
 8815,12
 8816,13
 8817,14
 8818,10
 8819,13
 8820,12
 8821,13
 8822,14
 8823,11
 8824,13
 8825,12
 8826,13
 8827,14
 8828,7
 8829,13
 8830,12
 8831,13
 8832,11
 8833,13
 8834,12
 8835,13
 8836,14
 8837,10
 8838,13
 8839,12
 8840,13
 8841,14
 8842,11
 8843,13
 8844,12
 8845,13
 8846,14
 8847,9
 8848,13
 8849,12
 8850,13
 8851,14
 8852,11
 8853,13
 8854,12
 8855,13
 8856,14
 8857,10
 8858,13
 8859,12
 8860,13
 8861,14
 8862,11
 8863,13
 8864,12
 8865,13
 8866,14
 8867,8
 8868,13
 8869,12
 8870,13
 8871,11
 8872,13
 8873,12
 8874,13
 8875,14
 8876,10
 8877,13
 8878,12
 8879,13
 8880,14
 8881,11
 8882,13
 8883,12
 8884,13
 8885,14
 8886,9
 8887,13
 8888,12
 8889,13
 8890,14
 8891,11
 8892,13
 8893,12
 8894,13
 8895,14
 8896,10
 8897,13
 8898,12
 8899,13
 8900,14
 8901,11
 8902,13
 8903,12
 8904,13
 8905,14
 8906,6
 8907,13
 8908,12
 8909,13
 8910,11
 8911,13
 8912,12
 8913,13
 8914,14
 8915,10
 8916,13
 8917,12
 8918,13
 8919,14
 8920,11
 8921,13
 8922,12
 8923,13
 8924,14
 8925,9
 8926,13
 8927,12
 8928,13
 8929,14
 8930,11
 8931,13
 8932,12
 8933,13
 8934,14
 8935,10
 8936,13
 8937,12
 8938,13
 8939,14
 8940,11
 8941,13
 8942,12
 8943,13
 8944,14
 8945,8
 8946,13
 8947,12
 8948,13
 8949,11
 8950,13
 8951,12
 8952,13
 8953,14
 8954,10
 8955,13
 8956,12
 8957,13
 8958,14
 8959,11
 8960,13
 8961,12
 8962,13
 8963,14
 8964,9
 8965,13
 8966,12
 8967,13
 8968,14
 8969,11
 8970,13
 8971,12
 8972,13
 8973,14
 8974,10
 8975,13
 8976,12
 8977,13
 8978,14
 8979,11
 8980,13
 8981,12
 8982,13
 8983,14
 8984,7
 8985,13
 8986,12
 8987,13
 8988,11
 8989,13
 8990,12
 8991,13
 8992,14
 8993,10
 8994,13
 8995,12
 8996,13
 8997,14
 8998,11
 8999,13
 9000,12
 9001,13
 9002,14
 9003,9
 9004,13
 9005,12
 9006,13
 9007,14
 9008,11
 9009,13
 9010,12
 9011,13
 9012,14
 9013,10
 9014,13
 9015,12
 9016,13
 9017,14
 9018,11
 9019,13
 9020,12
 9021,13
 9022,14
 9023,8
 9024,13
 9025,12
 9026,13
 9027,11
 9028,13
 9029,12
 9030,13
 9031,14
 9032,10
 9033,13
 9034,12
 9035,13
 9036,14
 9037,11
 9038,13
 9039,12
 9040,13
 9041,14
 9042,9
 9043,13
 9044,12
 9045,13
 9046,14
 9047,11
 9048,13
 9049,12
 9050,13
 9051,14
 9052,10
 9053,13
 9054,12
 9055,13
 9056,14
 9057,11
 9058,13
 9059,12
 9060,13
 9061,14
 9062,5
 9063,13
 9064,12
 9065,13
 9066,11
 9067,13
 9068,12
 9069,13
 9070,14
 9071,10
 9072,13
 9073,12
 9074,13
 9075,14
 9076,11
 9077,13
 9078,12
 9079,13
 9080,14
 9081,9
 9082,13
 9083,12
 9084,13
 9085,14
 9086,11
 9087,13
 9088,12
 9089,13
 9090,14
 9091,10
 9092,13
 9093,12
 9094,13
 9095,14
 9096,11
 9097,13
 9098,12
 9099,13
 9100,14
 9101,8
 9102,13
 9103,12
 9104,13
 9105,11
 9106,13
 9107,12
 9108,13
 9109,14
 9110,10
 9111,13
 9112,12
 9113,13
 9114,14
 9115,11
 9116,13
 9117,12
 9118,13
 9119,14
 9120,9
 9121,13
 9122,12
 9123,13
 9124,14
 9125,11
 9126,13
 9127,12
 9128,13
 9129,14
 9130,10
 9131,13
 9132,12
 9133,13
 9134,14
 9135,11
 9136,13
 9137,12
 9138,13
 9139,14
 9140,7
 9141,13
 9142,12
 9143,13
 9144,11
 9145,13
 9146,12
 9147,13
 9148,14
 9149,10
 9150,13
 9151,12
 9152,13
 9153,14
 9154,11
 9155,13
 9156,12
 9157,13
 9158,14
 9159,9
 9160,13
 9161,12
 9162,13
 9163,14
 9164,11
 9165,13
 9166,12
 9167,13
 9168,14
 9169,10
 9170,13
 9171,12
 9172,13
 9173,14
 9174,11
 9175,13
 9176,12
 9177,13
 9178,14
 9179,8
 9180,13
 9181,12
 9182,13
 9183,11
 9184,13
 9185,12
 9186,13
 9187,14
 9188,10
 9189,13
 9190,12
 9191,13
 9192,14
 9193,11
 9194,13
 9195,12
 9196,13
 9197,14
 9198,9
 9199,13
 9200,12
 9201,13
 9202,14
 9203,11
 9204,13
 9205,12
 9206,13
 9207,14
 9208,10
 9209,13
 9210,12
 9211,13
 9212,14
 9213,11
 9214,13
 9215,12
 9216,13
 9217,14
 9218,6
 9219,13
 9220,12
 9221,13
 9222,11
 9223,13
 9224,12
 9225,13
 9226,14
 9227,10
 9228,13
 9229,12
 9230,13
 9231,14
 9232,11
 9233,13
 9234,12
 9235,13
 9236,14
 9237,9
 9238,13
 9239,12
 9240,13
 9241,14
 9242,11
 9243,13
 9244,12
 9245,13
 9246,14
 9247,10
 9248,13
 9249,12
 9250,13
 9251,14
 9252,11
 9253,13
 9254,12
 9255,13
 9256,14
 9257,8
 9258,13
 9259,12
 9260,13
 9261,11
 9262,13
 9263,12
 9264,13
 9265,14
 9266,10
 9267,13
 9268,12
 9269,13
 9270,14
 9271,11
 9272,13
 9273,12
 9274,13
 9275,14
 9276,9
 9277,13
 9278,12
 9279,13
 9280,14
 9281,11
 9282,13
 9283,12
 9284,13
 9285,14
 9286,10
 9287,13
 9288,12
 9289,13
 9290,14
 9291,11
 9292,13
 9293,12
 9294,13
 9295,14
 9296,7
 9297,13
 9298,12
 9299,13
 9300,11
 9301,13
 9302,12
 9303,13
 9304,14
 9305,10
 9306,13
 9307,12
 9308,13
 9309,14
 9310,11
 9311,13
 9312,12
 9313,13
 9314,14
 9315,9
 9316,13
 9317,12
 9318,13
 9319,14
 9320,11
 9321,13
 9322,12
 9323,13
 9324,14
 9325,10
 9326,13
 9327,12
 9328,13
 9329,14
 9330,11
 9331,13
 9332,12
 9333,13
 9334,14
 9335,8
 9336,13
 9337,12
 9338,13
 9339,14
 9340,11
 9341,13
 9342,12
 9343,13
 9344,14
 9345,10
 9346,13
 9347,12
 9348,13
 9349,14
 9350,11
 9351,13
 9352,12
 9353,13
 9354,14
 9355,9
 9356,13
 9357,12
 9358,13
 9359,14
 9360,11
 9361,13
 9362,12
 9363,13
 9364,14
 9365,10
 9366,13
 9367,12
 9368,13
 9369,14
 9370,11
 9371,13
 9372,12
 9373,13
 9374,14
 9375,4
 9376,13
 9377,12
 9378,13
 9379,11
 9380,13
 9381,12
 9382,13
 9383,14
 9384,10
 9385,13
 9386,12
 9387,13
 9388,14
 9389,11
 9390,13
 9391,12
 9392,13
 9393,14
 9394,9
 9395,13
 9396,12
 9397,13
 9398,14
 9399,11
 9400,13
 9401,12
 9402,13
 9403,14
 9404,10
 9405,13
 9406,12
 9407,13
 9408,14
 9409,11
 9410,13
 9411,12
 9412,13
 9413,14
 9414,8
 9415,13
 9416,12
 9417,13
 9418,11
 9419,13
 9420,12
 9421,13
 9422,14
 9423,10
 9424,13
 9425,12
 9426,13
 9427,14
 9428,11
 9429,13
 9430,12
 9431,13
 9432,14
 9433,9
 9434,13
 9435,12
 9436,13
 9437,14
 9438,11
 9439,13
 9440,12
 9441,13
 9442,14
 9443,10
 9444,13
 9445,12
 9446,13
 9447,14
 9448,11
 9449,13
 9450,12
 9451,13
 9452,14
 9453,7
 9454,13
 9455,12
 9456,13
 9457,11
 9458,13
 9459,12
 9460,13
 9461,14
 9462,10
 9463,13
 9464,12
 9465,13
 9466,14
 9467,11
 9468,13
 9469,12
 9470,13
 9471,14
 9472,9
 9473,13
 9474,12
 9475,13
 9476,14
 9477,11
 9478,13
 9479,12
 9480,13
 9481,14
 9482,10
 9483,13
 9484,12
 9485,13
 9486,14
 9487,11
 9488,13
 9489,12
 9490,13
 9491,14
 9492,8
 9493,13
 9494,12
 9495,13
 9496,11
 9497,13
 9498,12
 9499,13
 9500,14
 9501,10
 9502,13
 9503,12
 9504,13
 9505,14
 9506,11
 9507,13
 9508,12
 9509,13
 9510,14
 9511,9
 9512,13
 9513,12
 9514,13
 9515,14
 9516,11
 9517,13
 9518,12
 9519,13
 9520,14
 9521,10
 9522,13
 9523,12
 9524,13
 9525,14
 9526,11
 9527,13
 9528,12
 9529,13
 9530,14
 9531,6
 9532,13
 9533,12
 9534,13
 9535,11
 9536,13
 9537,12
 9538,13
 9539,14
 9540,10
 9541,13
 9542,12
 9543,13
 9544,14
 9545,11
 9546,13
 9547,12
 9548,13
 9549,14
 9550,9
 9551,13
 9552,12
 9553,13
 9554,14
 9555,11
 9556,13
 9557,12
 9558,13
 9559,14
 9560,10
 9561,13
 9562,12
 9563,13
 9564,14
 9565,11
 9566,13
 9567,12
 9568,13
 9569,14
 9570,8
 9571,13
 9572,12
 9573,13
 9574,11
 9575,13
 9576,12
 9577,13
 9578,14
 9579,10
 9580,13
 9581,12
 9582,13
 9583,14
 9584,11
 9585,13
 9586,12
 9587,13
 9588,14
 9589,9
 9590,13
 9591,12
 9592,13
 9593,14
 9594,11
 9595,13
 9596,12
 9597,13
 9598,14
 9599,10
 9600,13
 9601,12
 9602,13
 9603,14
 9604,11
 9605,13
 9606,12
 9607,13
 9608,14
 9609,7
 9610,13
 9611,12
 9612,13
 9613,11
 9614,13
 9615,12
 9616,13
 9617,14
 9618,10
 9619,13
 9620,12
 9621,13
 9622,14
 9623,11
 9624,13
 9625,12
 9626,13
 9627,14
 9628,9
 9629,13
 9630,12
 9631,13
 9632,14
 9633,11
 9634,13
 9635,12
 9636,13
 9637,14
 9638,10
 9639,13
 9640,12
 9641,13
 9642,14
 9643,11
 9644,13
 9645,12
 9646,13
 9647,14
 9648,8
 9649,13
 9650,12
 9651,13
 9652,14
 9653,11
 9654,13
 9655,12
 9656,13
 9657,14
 9658,10
 9659,13
 9660,12
 9661,13
 9662,14
 9663,11
 9664,13
 9665,12
 9666,13
 9667,14
 9668,9
 9669,13
 9670,12
 9671,13
 9672,14
 9673,11
 9674,13
 9675,12
 9676,13
 9677,14
 9678,10
 9679,13
 9680,12
 9681,13
 9682,14
 9683,11
 9684,13
 9685,12
 9686,13
 9687,14
 9688,5
 9689,13
 9690,12
 9691,13
 9692,11
 9693,13
 9694,12
 9695,13
 9696,14
 9697,10
 9698,13
 9699,12
 9700,13
 9701,14
 9702,11
 9703,13
 9704,12
 9705,13
 9706,14
 9707,9
 9708,13
 9709,12
 9710,13
 9711,14
 9712,11
 9713,13
 9714,12
 9715,13
 9716,14
 9717,10
 9718,13
 9719,12
 9720,13
 9721,14
 9722,11
 9723,13
 9724,12
 9725,13
 9726,14
 9727,8
 9728,13
 9729,12
 9730,13
 9731,11
 9732,13
 9733,12
 9734,13
 9735,14
 9736,10
 9737,13
 9738,12
 9739,13
 9740,14
 9741,11
 9742,13
 9743,12
 9744,13
 9745,14
 9746,9
 9747,13
 9748,12
 9749,13
 9750,14
 9751,11
 9752,13
 9753,12
 9754,13
 9755,14
 9756,10
 9757,13
 9758,12
 9759,13
 9760,14
 9761,11
 9762,13
 9763,12
 9764,13
 9765,14
 9766,7
 9767,13
 9768,12
 9769,13
 9770,11
 9771,13
 9772,12
 9773,13
 9774,14
 9775,10
 9776,13
 9777,12
 9778,13
 9779,14
 9780,11
 9781,13
 9782,12
 9783,13
 9784,14
 9785,9
 9786,13
 9787,12
 9788,13
 9789,14
 9790,11
 9791,13
 9792,12
 9793,13
 9794,14
 9795,10
 9796,13
 9797,12
 9798,13
 9799,14
 9800,11
 9801,13
 9802,12
 9803,13
 9804,14
 9805,8
 9806,13
 9807,12
 9808,13
 9809,11
 9810,13
 9811,12
 9812,13
 9813,14
 9814,10
 9815,13
 9816,12
 9817,13
 9818,14
 9819,11
 9820,13
 9821,12
 9822,13
 9823,14
 9824,9
 9825,13
 9826,12
 9827,13
 9828,14
 9829,11
 9830,13
 9831,12
 9832,13
 9833,14
 9834,10
 9835,13
 9836,12
 9837,13
 9838,14
 9839,11
 9840,13
 9841,12
 9842,13
 9843,14
 9844,6
 9845,13
 9846,12
 9847,13
 9848,11
 9849,13
 9850,12
 9851,13
 9852,14
 9853,10
 9854,13
 9855,12
 9856,13
 9857,14
 9858,11
 9859,13
 9860,12
 9861,13
 9862,14
 9863,9
 9864,13
 9865,12
 9866,13
 9867,14
 9868,11
 9869,13
 9870,12
 9871,13
 9872,14
 9873,10
 9874,13
 9875,12
 9876,13
 9877,14
 9878,11
 9879,13
 9880,12
 9881,13
 9882,14
 9883,8
 9884,13
 9885,12
 9886,13
 9887,11
 9888,13
 9889,12
 9890,13
 9891,14
 9892,10
 9893,13
 9894,12
 9895,13
 9896,14
 9897,11
 9898,13
 9899,12
 9900,13
 9901,14
 9902,9
 9903,13
 9904,12
 9905,13
 9906,14
 9907,11
 9908,13
 9909,12
 9910,13
 9911,14
 9912,10
 9913,13
 9914,12
 9915,13
 9916,14
 9917,11
 9918,13
 9919,12
 9920,13
 9921,14
 9922,7
 9923,13
 9924,12
 9925,13
 9926,11
 9927,13
 9928,12
 9929,13
 9930,14
 9931,10
 9932,13
 9933,12
 9934,13
 9935,14
 9936,11
 9937,13
 9938,12
 9939,13
 9940,14
 9941,9
 9942,13
 9943,12
 9944,13
 9945,14
 9946,11
 9947,13
 9948,12
 9949,13
 9950,14
 9951,10
 9952,13
 9953,12
 9954,13
 9955,14
 9956,11
 9957,13
 9958,12
 9959,13
 9960,14
 9961,8
 9962,13
 9963,12
 9964,13
 9965,14
 9966,11
 9967,13
 9968,12
 9969,13
 9970,14
 9971,10
 9972,13
 9973,12
 9974,13
 9975,14
 9976,11
 9977,13
 9978,12
 9979,13
 9980,14
 9981,9
 9982,13
 9983,12
 9984,13
 9985,14
 9986,11
 9987,13
 9988,12
 9989,13
 9990,14
 9991,10
 9992,13
 9993,12
 9994,13
 9995,14
 9996,11
 9997,13
 9998,12
 9999,13
 10000,14
