 1,3
 2,4
 3,2
 4,3
 5,4
 6,4
 7,5
 8,3
 9,4
 10,5
 11,5
 12,6
 13,4
 14,5
 15,6
 16,6
 17,7
 18,5
 19,6
 20,7
 21,7
 22,8
 23,6
 24,7
 25,8
 26,4
 27,5
 28,3
 29,4
 30,5
 31,5
 32,6
 33,4
 34,5
 35,6
 36,6
 37,7
 38,5
 39,6
 40,7
 41,7
 42,8
 43,6
 44,7
 45,8
 46,8
 47,9
 48,7
 49,8
 50,9
 51,5
 52,6
 53,4
 54,5
 55,6
 56,6
 57,7
 58,5
 59,6
 60,7
 61,7
 62,8
 63,6
 64,7
 65,8
 66,8
 67,9
 68,7
 69,8
 70,9
 71,9
 72,10
 73,8
 74,9
 75,10
 76,6
 77,7
 78,5
 79,6
 80,7
 81,7
 82,8
 83,6
 84,7
 85,8
 86,8
 87,9
 88,7
 89,8
 90,9
 91,9
 92,10
 93,8
 94,9
 95,10
 96,10
 97,11
 98,9
 99,10
 100,11
 101,7
 102,8
 103,6
 104,7
 105,8
 106,8
 107,9
 108,7
 109,8
 110,9
 111,9
 112,10
 113,8
 114,9
 115,10
 116,10
 117,11
 118,9
 119,10
 120,11
 121,11
 122,12
 123,10
 124,11
 125,12
 126,3
 127,4
 128,2
 129,3
 130,4
 131,4
 132,5
 133,3
 134,4
 135,5
 136,5
 137,6
 138,4
 139,5
 140,6
 141,6
 142,7
 143,5
 144,6
 145,7
 146,7
 147,8
 148,6
 149,7
 150,8
 151,4
 152,5
 153,3
 154,4
 155,5
 156,5
 157,6
 158,4
 159,5
 160,6
 161,6
 162,7
 163,5
 164,6
 165,7
 166,7
 167,8
 168,6
 169,7
 170,8
 171,8
 172,9
 173,7
 174,8
 175,9
 176,5
 177,6
 178,4
 179,5
 180,6
 181,6
 182,7
 183,5
 184,6
 185,7
 186,7
 187,8
 188,6
 189,7
 190,8
 191,8
 192,9
 193,7
 194,8
 195,9
 196,9
 197,10
 198,8
 199,9
 200,10
 201,6
 202,7
 203,5
 204,6
 205,7
 206,7
 207,8
 208,6
 209,7
 210,8
 211,8
 212,9
 213,7
 214,8
 215,9
 216,9
 217,10
 218,8
 219,9
 220,10
 221,10
 222,11
 223,9
 224,10
 225,11
 226,7
 227,8
 228,6
 229,7
 230,8
 231,8
 232,9
 233,7
 234,8
 235,9
 236,9
 237,10
 238,8
 239,9
 240,10
 241,10
 242,11
 243,9
 244,10
 245,11
 246,11
 247,12
 248,10
 249,11
 250,12
 251,3
 252,4
 253,2
 254,3
 255,4
 256,4
 257,5
 258,3
 259,4
 260,5
 261,5
 262,6
 263,4
 264,5
 265,6
 266,6
 267,7
 268,5
 269,6
 270,7
 271,7
 272,8
 273,6
 274,7
 275,8
 276,4
 277,5
 278,3
 279,4
 280,5
 281,5
 282,6
 283,4
 284,5
 285,6
 286,6
 287,7
 288,5
 289,6
 290,7
 291,7
 292,8
 293,6
 294,7
 295,8
 296,8
 297,9
 298,7
 299,8
 300,9
 301,5
 302,6
 303,4
 304,5
 305,6
 306,6
 307,7
 308,5
 309,6
 310,7
 311,7
 312,8
 313,6
 314,7
 315,8
 316,8
 317,9
 318,7
 319,8
 320,9
 321,9
 322,10
 323,8
 324,9
 325,10
 326,6
 327,7
 328,5
 329,6
 330,7
 331,7
 332,8
 333,6
 334,7
 335,8
 336,8
 337,9
 338,7
 339,8
 340,9
 341,9
 342,10
 343,8
 344,9
 345,10
 346,10
 347,11
 348,9
 349,10
 350,11
 351,7
 352,8
 353,6
 354,7
 355,8
 356,8
 357,9
 358,7
 359,8
 360,9
 361,9
 362,10
 363,8
 364,9
 365,10
 366,10
 367,11
 368,9
 369,10
 370,11
 371,11
 372,12
 373,10
 374,11
 375,12
 376,3
 377,4
 378,2
 379,3
 380,4
 381,4
 382,5
 383,3
 384,4
 385,5
 386,5
 387,6
 388,4
 389,5
 390,6
 391,6
 392,7
 393,5
 394,6
 395,7
 396,7
 397,8
 398,6
 399,7
 400,8
 401,4
 402,5
 403,3
 404,4
 405,5
 406,5
 407,6
 408,4
 409,5
 410,6
 411,6
 412,7
 413,5
 414,6
 415,7
 416,7
 417,8
 418,6
 419,7
 420,8
 421,8
 422,9
 423,7
 424,8
 425,9
 426,5
 427,6
 428,4
 429,5
 430,6
 431,6
 432,7
 433,5
 434,6
 435,7
 436,7
 437,8
 438,6
 439,7
 440,8
 441,8
 442,9
 443,7
 444,8
 445,9
 446,9
 447,10
 448,8
 449,9
 450,10
 451,6
 452,7
 453,5
 454,6
 455,7
 456,7
 457,8
 458,6
 459,7
 460,8
 461,8
 462,9
 463,7
 464,8
 465,9
 466,9
 467,10
 468,8
 469,9
 470,10
 471,10
 472,11
 473,9
 474,10
 475,11
 476,7
 477,8
 478,6
 479,7
 480,8
 481,8
 482,9
 483,7
 484,8
 485,9
 486,9
 487,10
 488,8
 489,9
 490,10
 491,10
 492,11
 493,9
 494,10
 495,11
 496,11
 497,12
 498,10
 499,11
 500,12
 501,3
 502,4
 503,2
 504,3
 505,4
 506,4
 507,5
 508,3
 509,4
 510,5
 511,5
 512,6
 513,4
 514,5
 515,6
 516,6
 517,7
 518,5
 519,6
 520,7
 521,7
 522,8
 523,6
 524,7
 525,8
 526,4
 527,5
 528,3
 529,4
 530,5
 531,5
 532,6
 533,4
 534,5
 535,6
 536,6
 537,7
 538,5
 539,6
 540,7
 541,7
 542,8
 543,6
 544,7
 545,8
 546,8
 547,9
 548,7
 549,8
 550,9
 551,5
 552,6
 553,4
 554,5
 555,6
 556,6
 557,7
 558,5
 559,6
 560,7
 561,7
 562,8
 563,6
 564,7
 565,8
 566,8
 567,9
 568,7
 569,8
 570,9
 571,9
 572,10
 573,8
 574,9
 575,10
 576,6
 577,7
 578,5
 579,6
 580,7
 581,7
 582,8
 583,6
 584,7
 585,8
 586,8
 587,9
 588,7
 589,8
 590,9
 591,9
 592,10
 593,8
 594,9
 595,10
 596,10
 597,11
 598,9
 599,10
 600,11
 601,7
 602,8
 603,6
 604,7
 605,8
 606,8
 607,9
 608,7
 609,8
 610,9
 611,9
 612,10
 613,8
 614,9
 615,10
 616,10
 617,11
 618,9
 619,10
 620,11
 621,11
 622,12
 623,10
 624,11
 625,12
 626,3
 627,4
 628,2
 629,3
 630,4
 631,4
 632,5
 633,3
 634,4
 635,5
 636,5
 637,6
 638,4
 639,5
 640,6
 641,6
 642,7
 643,5
 644,6
 645,7
 646,7
 647,8
 648,6
 649,7
 650,8
 651,4
 652,5
 653,3
 654,4
 655,5
 656,5
 657,6
 658,4
 659,5
 660,6
 661,6
 662,7
 663,5
 664,6
 665,7
 666,7
 667,8
 668,6
 669,7
 670,8
 671,8
 672,9
 673,7
 674,8
 675,9
 676,5
 677,6
 678,4
 679,5
 680,6
 681,6
 682,7
 683,5
 684,6
 685,7
 686,7
 687,8
 688,6
 689,7
 690,8
 691,8
 692,9
 693,7
 694,8
 695,9
 696,9
 697,10
 698,8
 699,9
 700,10
 701,6
 702,7
 703,5
 704,6
 705,7
 706,7
 707,8
 708,6
 709,7
 710,8
 711,8
 712,9
 713,7
 714,8
 715,9
 716,9
 717,10
 718,8
 719,9
 720,10
 721,10
 722,11
 723,9
 724,10
 725,11
 726,7
 727,8
 728,6
 729,7
 730,8
 731,8
 732,9
 733,7
 734,8
 735,9
 736,9
 737,10
 738,8
 739,9
 740,10
 741,10
 742,11
 743,9
 744,10
 745,11
 746,11
 747,12
 748,10
 749,11
 750,12
 751,3
 752,4
 753,2
 754,3
 755,4
 756,4
 757,5
 758,3
 759,4
 760,5
 761,5
 762,6
 763,4
 764,5
 765,6
 766,6
 767,7
 768,5
 769,6
 770,7
 771,7
 772,8
 773,6
 774,7
 775,8
 776,4
 777,5
 778,3
 779,4
 780,5
 781,5
 782,6
 783,4
 784,5
 785,6
 786,6
 787,7
 788,5
 789,6
 790,7
 791,7
 792,8
 793,6
 794,7
 795,8
 796,8
 797,9
 798,7
 799,8
 800,9
 801,5
 802,6
 803,4
 804,5
 805,6
 806,6
 807,7
 808,5
 809,6
 810,7
 811,7
 812,8
 813,6
 814,7
 815,8
 816,8
 817,9
 818,7
 819,8
 820,9
 821,9
 822,10
 823,8
 824,9
 825,10
 826,6
 827,7
 828,5
 829,6
 830,7
 831,7
 832,8
 833,6
 834,7
 835,8
 836,8
 837,9
 838,7
 839,8
 840,9
 841,9
 842,10
 843,8
 844,9
 845,10
 846,10
 847,11
 848,9
 849,10
 850,11
 851,7
 852,8
 853,6
 854,7
 855,8
 856,8
 857,9
 858,7
 859,8
 860,9
 861,9
 862,10
 863,8
 864,9
 865,10
 866,10
 867,11
 868,9
 869,10
 870,11
 871,11
 872,12
 873,10
 874,11
 875,12
 876,3
 877,4
 878,2
 879,3
 880,4
 881,4
 882,5
 883,3
 884,4
 885,5
 886,5
 887,6
 888,4
 889,5
 890,6
 891,6
 892,7
 893,5
 894,6
 895,7
 896,7
 897,8
 898,6
 899,7
 900,8
 901,4
 902,5
 903,3
 904,4
 905,5
 906,5
 907,6
 908,4
 909,5
 910,6
 911,6
 912,7
 913,5
 914,6
 915,7
 916,7
 917,8
 918,6
 919,7
 920,8
 921,8
 922,9
 923,7
 924,8
 925,9
 926,5
 927,6
 928,4
 929,5
 930,6
 931,6
 932,7
 933,5
 934,6
 935,7
 936,7
 937,8
 938,6
 939,7
 940,8
 941,8
 942,9
 943,7
 944,8
 945,9
 946,9
 947,10
 948,8
 949,9
 950,10
 951,6
 952,7
 953,5
 954,6
 955,7
 956,7
 957,8
 958,6
 959,7
 960,8
 961,8
 962,9
 963,7
 964,8
 965,9
 966,9
 967,10
 968,8
 969,9
 970,10
 971,10
 972,11
 973,9
 974,10
 975,11
 976,7
 977,8
 978,6
 979,7
 980,8
 981,8
 982,9
 983,7
 984,8
 985,9
 986,9
 987,10
 988,8
 989,9
 990,10
 991,10
 992,11
 993,9
 994,10
 995,11
 996,11
 997,12
 998,10
 999,11
 1000,12
 1001,3
 1002,4
 1003,2
 1004,3
 1005,4
 1006,4
 1007,5
 1008,3
 1009,4
 1010,5
 1011,5
 1012,6
 1013,4
 1014,5
 1015,6
 1016,6
 1017,7
 1018,5
 1019,6
 1020,7
 1021,7
 1022,8
 1023,6
 1024,7
 1025,8
 1026,4
 1027,5
 1028,3
 1029,4
 1030,5
 1031,5
 1032,6
 1033,4
 1034,5
 1035,6
 1036,6
 1037,7
 1038,5
 1039,6
 1040,7
 1041,7
 1042,8
 1043,6
 1044,7
 1045,8
 1046,8
 1047,9
 1048,7
 1049,8
 1050,9
 1051,5
 1052,6
 1053,4
 1054,5
 1055,6
 1056,6
 1057,7
 1058,5
 1059,6
 1060,7
 1061,7
 1062,8
 1063,6
 1064,7
 1065,8
 1066,8
 1067,9
 1068,7
 1069,8
 1070,9
 1071,9
 1072,10
 1073,8
 1074,9
 1075,10
 1076,6
 1077,7
 1078,5
 1079,6
 1080,7
 1081,7
 1082,8
 1083,6
 1084,7
 1085,8
 1086,8
 1087,9
 1088,7
 1089,8
 1090,9
 1091,9
 1092,10
 1093,8
 1094,9
 1095,10
 1096,10
 1097,11
 1098,9
 1099,10
 1100,11
 1101,7
 1102,8
 1103,6
 1104,7
 1105,8
 1106,8
 1107,9
 1108,7
 1109,8
 1110,9
 1111,9
 1112,10
 1113,8
 1114,9
 1115,10
 1116,10
 1117,11
 1118,9
 1119,10
 1120,11
 1121,11
 1122,12
 1123,10
 1124,11
 1125,12
 1126,3
 1127,4
 1128,2
 1129,3
 1130,4
 1131,4
 1132,5
 1133,3
 1134,4
 1135,5
 1136,5
 1137,6
 1138,4
 1139,5
 1140,6
 1141,6
 1142,7
 1143,5
 1144,6
 1145,7
 1146,7
 1147,8
 1148,6
 1149,7
 1150,8
 1151,4
 1152,5
 1153,3
 1154,4
 1155,5
 1156,5
 1157,6
 1158,4
 1159,5
 1160,6
 1161,6
 1162,7
 1163,5
 1164,6
 1165,7
 1166,7
 1167,8
 1168,6
 1169,7
 1170,8
 1171,8
 1172,9
 1173,7
 1174,8
 1175,9
 1176,5
 1177,6
 1178,4
 1179,5
 1180,6
 1181,6
 1182,7
 1183,5
 1184,6
 1185,7
 1186,7
 1187,8
 1188,6
 1189,7
 1190,8
 1191,8
 1192,9
 1193,7
 1194,8
 1195,9
 1196,9
 1197,10
 1198,8
 1199,9
 1200,10
 1201,6
 1202,7
 1203,5
 1204,6
 1205,7
 1206,7
 1207,8
 1208,6
 1209,7
 1210,8
 1211,8
 1212,9
 1213,7
 1214,8
 1215,9
 1216,9
 1217,10
 1218,8
 1219,9
 1220,10
 1221,10
 1222,11
 1223,9
 1224,10
 1225,11
 1226,7
 1227,8
 1228,6
 1229,7
 1230,8
 1231,8
 1232,9
 1233,7
 1234,8
 1235,9
 1236,9
 1237,10
 1238,8
 1239,9
 1240,10
 1241,10
 1242,11
 1243,9
 1244,10
 1245,11
 1246,11
 1247,12
 1248,10
 1249,11
 1250,12
 1251,3
 1252,4
 1253,2
 1254,3
 1255,4
 1256,4
 1257,5
 1258,3
 1259,4
 1260,5
 1261,5
 1262,6
 1263,4
 1264,5
 1265,6
 1266,6
 1267,7
 1268,5
 1269,6
 1270,7
 1271,7
 1272,8
 1273,6
 1274,7
 1275,8
 1276,4
 1277,5
 1278,3
 1279,4
 1280,5
 1281,5
 1282,6
 1283,4
 1284,5
 1285,6
 1286,6
 1287,7
 1288,5
 1289,6
 1290,7
 1291,7
 1292,8
 1293,6
 1294,7
 1295,8
 1296,8
 1297,9
 1298,7
 1299,8
 1300,9
 1301,5
 1302,6
 1303,4
 1304,5
 1305,6
 1306,6
 1307,7
 1308,5
 1309,6
 1310,7
 1311,7
 1312,8
 1313,6
 1314,7
 1315,8
 1316,8
 1317,9
 1318,7
 1319,8
 1320,9
 1321,9
 1322,10
 1323,8
 1324,9
 1325,10
 1326,6
 1327,7
 1328,5
 1329,6
 1330,7
 1331,7
 1332,8
 1333,6
 1334,7
 1335,8
 1336,8
 1337,9
 1338,7
 1339,8
 1340,9
 1341,9
 1342,10
 1343,8
 1344,9
 1345,10
 1346,10
 1347,11
 1348,9
 1349,10
 1350,11
 1351,7
 1352,8
 1353,6
 1354,7
 1355,8
 1356,8
 1357,9
 1358,7
 1359,8
 1360,9
 1361,9
 1362,10
 1363,8
 1364,9
 1365,10
 1366,10
 1367,11
 1368,9
 1369,10
 1370,11
 1371,11
 1372,12
 1373,10
 1374,11
 1375,12
 1376,3
 1377,4
 1378,2
 1379,3
 1380,4
 1381,4
 1382,5
 1383,3
 1384,4
 1385,5
 1386,5
 1387,6
 1388,4
 1389,5
 1390,6
 1391,6
 1392,7
 1393,5
 1394,6
 1395,7
 1396,7
 1397,8
 1398,6
 1399,7
 1400,8
 1401,4
 1402,5
 1403,3
 1404,4
 1405,5
 1406,5
 1407,6
 1408,4
 1409,5
 1410,6
 1411,6
 1412,7
 1413,5
 1414,6
 1415,7
 1416,7
 1417,8
 1418,6
 1419,7
 1420,8
 1421,8
 1422,9
 1423,7
 1424,8
 1425,9
 1426,5
 1427,6
 1428,4
 1429,5
 1430,6
 1431,6
 1432,7
 1433,5
 1434,6
 1435,7
 1436,7
 1437,8
 1438,6
 1439,7
 1440,8
 1441,8
 1442,9
 1443,7
 1444,8
 1445,9
 1446,9
 1447,10
 1448,8
 1449,9
 1450,10
 1451,6
 1452,7
 1453,5
 1454,6
 1455,7
 1456,7
 1457,8
 1458,6
 1459,7
 1460,8
 1461,8
 1462,9
 1463,7
 1464,8
 1465,9
 1466,9
 1467,10
 1468,8
 1469,9
 1470,10
 1471,10
 1472,11
 1473,9
 1474,10
 1475,11
 1476,7
 1477,8
 1478,6
 1479,7
 1480,8
 1481,8
 1482,9
 1483,7
 1484,8
 1485,9
 1486,9
 1487,10
 1488,8
 1489,9
 1490,10
 1491,10
 1492,11
 1493,9
 1494,10
 1495,11
 1496,11
 1497,12
 1498,10
 1499,11
 1500,12
 1501,3
 1502,4
 1503,2
 1504,3
 1505,4
 1506,4
 1507,5
 1508,3
 1509,4
 1510,5
 1511,5
 1512,6
 1513,4
 1514,5
 1515,6
 1516,6
 1517,7
 1518,5
 1519,6
 1520,7
 1521,7
 1522,8
 1523,6
 1524,7
 1525,8
 1526,4
 1527,5
 1528,3
 1529,4
 1530,5
 1531,5
 1532,6
 1533,4
 1534,5
 1535,6
 1536,6
 1537,7
 1538,5
 1539,6
 1540,7
 1541,7
 1542,8
 1543,6
 1544,7
 1545,8
 1546,8
 1547,9
 1548,7
 1549,8
 1550,9
 1551,5
 1552,6
 1553,4
 1554,5
 1555,6
 1556,6
 1557,7
 1558,5
 1559,6
 1560,7
 1561,7
 1562,8
 1563,6
 1564,7
 1565,8
 1566,8
 1567,9
 1568,7
 1569,8
 1570,9
 1571,9
 1572,10
 1573,8
 1574,9
 1575,10
 1576,6
 1577,7
 1578,5
 1579,6
 1580,7
 1581,7
 1582,8
 1583,6
 1584,7
 1585,8
 1586,8
 1587,9
 1588,7
 1589,8
 1590,9
 1591,9
 1592,10
 1593,8
 1594,9
 1595,10
 1596,10
 1597,11
 1598,9
 1599,10
 1600,11
 1601,7
 1602,8
 1603,6
 1604,7
 1605,8
 1606,8
 1607,9
 1608,7
 1609,8
 1610,9
 1611,9
 1612,10
 1613,8
 1614,9
 1615,10
 1616,10
 1617,11
 1618,9
 1619,10
 1620,11
 1621,11
 1622,12
 1623,10
 1624,11
 1625,12
 1626,3
 1627,4
 1628,2
 1629,3
 1630,4
 1631,4
 1632,5
 1633,3
 1634,4
 1635,5
 1636,5
 1637,6
 1638,4
 1639,5
 1640,6
 1641,6
 1642,7
 1643,5
 1644,6
 1645,7
 1646,7
 1647,8
 1648,6
 1649,7
 1650,8
 1651,4
 1652,5
 1653,3
 1654,4
 1655,5
 1656,5
 1657,6
 1658,4
 1659,5
 1660,6
 1661,6
 1662,7
 1663,5
 1664,6
 1665,7
 1666,7
 1667,8
 1668,6
 1669,7
 1670,8
 1671,8
 1672,9
 1673,7
 1674,8
 1675,9
 1676,5
 1677,6
 1678,4
 1679,5
 1680,6
 1681,6
 1682,7
 1683,5
 1684,6
 1685,7
 1686,7
 1687,8
 1688,6
 1689,7
 1690,8
 1691,8
 1692,9
 1693,7
 1694,8
 1695,9
 1696,9
 1697,10
 1698,8
 1699,9
 1700,10
 1701,6
 1702,7
 1703,5
 1704,6
 1705,7
 1706,7
 1707,8
 1708,6
 1709,7
 1710,8
 1711,8
 1712,9
 1713,7
 1714,8
 1715,9
 1716,9
 1717,10
 1718,8
 1719,9
 1720,10
 1721,10
 1722,11
 1723,9
 1724,10
 1725,11
 1726,7
 1727,8
 1728,6
 1729,7
 1730,8
 1731,8
 1732,9
 1733,7
 1734,8
 1735,9
 1736,9
 1737,10
 1738,8
 1739,9
 1740,10
 1741,10
 1742,11
 1743,9
 1744,10
 1745,11
 1746,11
 1747,12
 1748,10
 1749,11
 1750,12
 1751,3
 1752,4
 1753,2
 1754,3
 1755,4
 1756,4
 1757,5
 1758,3
 1759,4
 1760,5
 1761,5
 1762,6
 1763,4
 1764,5
 1765,6
 1766,6
 1767,7
 1768,5
 1769,6
 1770,7
 1771,7
 1772,8
 1773,6
 1774,7
 1775,8
 1776,4
 1777,5
 1778,3
 1779,4
 1780,5
 1781,5
 1782,6
 1783,4
 1784,5
 1785,6
 1786,6
 1787,7
 1788,5
 1789,6
 1790,7
 1791,7
 1792,8
 1793,6
 1794,7
 1795,8
 1796,8
 1797,9
 1798,7
 1799,8
 1800,9
 1801,5
 1802,6
 1803,4
 1804,5
 1805,6
 1806,6
 1807,7
 1808,5
 1809,6
 1810,7
 1811,7
 1812,8
 1813,6
 1814,7
 1815,8
 1816,8
 1817,9
 1818,7
 1819,8
 1820,9
 1821,9
 1822,10
 1823,8
 1824,9
 1825,10
 1826,6
 1827,7
 1828,5
 1829,6
 1830,7
 1831,7
 1832,8
 1833,6
 1834,7
 1835,8
 1836,8
 1837,9
 1838,7
 1839,8
 1840,9
 1841,9
 1842,10
 1843,8
 1844,9
 1845,10
 1846,10
 1847,11
 1848,9
 1849,10
 1850,11
 1851,7
 1852,8
 1853,6
 1854,7
 1855,8
 1856,8
 1857,9
 1858,7
 1859,8
 1860,9
 1861,9
 1862,10
 1863,8
 1864,9
 1865,10
 1866,10
 1867,11
 1868,9
 1869,10
 1870,11
 1871,11
 1872,12
 1873,10
 1874,11
 1875,12
 1876,3
 1877,4
 1878,2
 1879,3
 1880,4
 1881,4
 1882,5
 1883,3
 1884,4
 1885,5
 1886,5
 1887,6
 1888,4
 1889,5
 1890,6
 1891,6
 1892,7
 1893,5
 1894,6
 1895,7
 1896,7
 1897,8
 1898,6
 1899,7
 1900,8
 1901,4
 1902,5
 1903,3
 1904,4
 1905,5
 1906,5
 1907,6
 1908,4
 1909,5
 1910,6
 1911,6
 1912,7
 1913,5
 1914,6
 1915,7
 1916,7
 1917,8
 1918,6
 1919,7
 1920,8
 1921,8
 1922,9
 1923,7
 1924,8
 1925,9
 1926,5
 1927,6
 1928,4
 1929,5
 1930,6
 1931,6
 1932,7
 1933,5
 1934,6
 1935,7
 1936,7
 1937,8
 1938,6
 1939,7
 1940,8
 1941,8
 1942,9
 1943,7
 1944,8
 1945,9
 1946,9
 1947,10
 1948,8
 1949,9
 1950,10
 1951,6
 1952,7
 1953,5
 1954,6
 1955,7
 1956,7
 1957,8
 1958,6
 1959,7
 1960,8
 1961,8
 1962,9
 1963,7
 1964,8
 1965,9
 1966,9
 1967,10
 1968,8
 1969,9
 1970,10
 1971,10
 1972,11
 1973,9
 1974,10
 1975,11
 1976,7
 1977,8
 1978,6
 1979,7
 1980,8
 1981,8
 1982,9
 1983,7
 1984,8
 1985,9
 1986,9
 1987,10
 1988,8
 1989,9
 1990,10
 1991,10
 1992,11
 1993,9
 1994,10
 1995,11
 1996,11
 1997,12
 1998,10
 1999,11
 2000,12
 2001,3
 2002,4
 2003,2
 2004,3
 2005,4
 2006,4
 2007,5
 2008,3
 2009,4
 2010,5
 2011,5
 2012,6
 2013,4
 2014,5
 2015,6
 2016,6
 2017,7
 2018,5
 2019,6
 2020,7
 2021,7
 2022,8
 2023,6
 2024,7
 2025,8
 2026,4
 2027,5
 2028,3
 2029,4
 2030,5
 2031,5
 2032,6
 2033,4
 2034,5
 2035,6
 2036,6
 2037,7
 2038,5
 2039,6
 2040,7
 2041,7
 2042,8
 2043,6
 2044,7
 2045,8
 2046,8
 2047,9
 2048,7
 2049,8
 2050,9
 2051,5
 2052,6
 2053,4
 2054,5
 2055,6
 2056,6
 2057,7
 2058,5
 2059,6
 2060,7
 2061,7
 2062,8
 2063,6
 2064,7
 2065,8
 2066,8
 2067,9
 2068,7
 2069,8
 2070,9
 2071,9
 2072,10
 2073,8
 2074,9
 2075,10
 2076,6
 2077,7
 2078,5
 2079,6
 2080,7
 2081,7
 2082,8
 2083,6
 2084,7
 2085,8
 2086,8
 2087,9
 2088,7
 2089,8
 2090,9
 2091,9
 2092,10
 2093,8
 2094,9
 2095,10
 2096,10
 2097,11
 2098,9
 2099,10
 2100,11
 2101,7
 2102,8
 2103,6
 2104,7
 2105,8
 2106,8
 2107,9
 2108,7
 2109,8
 2110,9
 2111,9
 2112,10
 2113,8
 2114,9
 2115,10
 2116,10
 2117,11
 2118,9
 2119,10
 2120,11
 2121,11
 2122,12
 2123,10
 2124,11
 2125,12
 2126,3
 2127,4
 2128,2
 2129,3
 2130,4
 2131,4
 2132,5
 2133,3
 2134,4
 2135,5
 2136,5
 2137,6
 2138,4
 2139,5
 2140,6
 2141,6
 2142,7
 2143,5
 2144,6
 2145,7
 2146,7
 2147,8
 2148,6
 2149,7
 2150,8
 2151,4
 2152,5
 2153,3
 2154,4
 2155,5
 2156,5
 2157,6
 2158,4
 2159,5
 2160,6
 2161,6
 2162,7
 2163,5
 2164,6
 2165,7
 2166,7
 2167,8
 2168,6
 2169,7
 2170,8
 2171,8
 2172,9
 2173,7
 2174,8
 2175,9
 2176,5
 2177,6
 2178,4
 2179,5
 2180,6
 2181,6
 2182,7
 2183,5
 2184,6
 2185,7
 2186,7
 2187,8
 2188,6
 2189,7
 2190,8
 2191,8
 2192,9
 2193,7
 2194,8
 2195,9
 2196,9
 2197,10
 2198,8
 2199,9
 2200,10
 2201,6
 2202,7
 2203,5
 2204,6
 2205,7
 2206,7
 2207,8
 2208,6
 2209,7
 2210,8
 2211,8
 2212,9
 2213,7
 2214,8
 2215,9
 2216,9
 2217,10
 2218,8
 2219,9
 2220,10
 2221,10
 2222,11
 2223,9
 2224,10
 2225,11
 2226,7
 2227,8
 2228,6
 2229,7
 2230,8
 2231,8
 2232,9
 2233,7
 2234,8
 2235,9
 2236,9
 2237,10
 2238,8
 2239,9
 2240,10
 2241,10
 2242,11
 2243,9
 2244,10
 2245,11
 2246,11
 2247,12
 2248,10
 2249,11
 2250,12
 2251,3
 2252,4
 2253,2
 2254,3
 2255,4
 2256,4
 2257,5
 2258,3
 2259,4
 2260,5
 2261,5
 2262,6
 2263,4
 2264,5
 2265,6
 2266,6
 2267,7
 2268,5
 2269,6
 2270,7
 2271,7
 2272,8
 2273,6
 2274,7
 2275,8
 2276,4
 2277,5
 2278,3
 2279,4
 2280,5
 2281,5
 2282,6
 2283,4
 2284,5
 2285,6
 2286,6
 2287,7
 2288,5
 2289,6
 2290,7
 2291,7
 2292,8
 2293,6
 2294,7
 2295,8
 2296,8
 2297,9
 2298,7
 2299,8
 2300,9
 2301,5
 2302,6
 2303,4
 2304,5
 2305,6
 2306,6
 2307,7
 2308,5
 2309,6
 2310,7
 2311,7
 2312,8
 2313,6
 2314,7
 2315,8
 2316,8
 2317,9
 2318,7
 2319,8
 2320,9
 2321,9
 2322,10
 2323,8
 2324,9
 2325,10
 2326,6
 2327,7
 2328,5
 2329,6
 2330,7
 2331,7
 2332,8
 2333,6
 2334,7
 2335,8
 2336,8
 2337,9
 2338,7
 2339,8
 2340,9
 2341,9
 2342,10
 2343,8
 2344,9
 2345,10
 2346,10
 2347,11
 2348,9
 2349,10
 2350,11
 2351,7
 2352,8
 2353,6
 2354,7
 2355,8
 2356,8
 2357,9
 2358,7
 2359,8
 2360,9
 2361,9
 2362,10
 2363,8
 2364,9
 2365,10
 2366,10
 2367,11
 2368,9
 2369,10
 2370,11
 2371,11
 2372,12
 2373,10
 2374,11
 2375,12
 2376,3
 2377,4
 2378,2
 2379,3
 2380,4
 2381,4
 2382,5
 2383,3
 2384,4
 2385,5
 2386,5
 2387,6
 2388,4
 2389,5
 2390,6
 2391,6
 2392,7
 2393,5
 2394,6
 2395,7
 2396,7
 2397,8
 2398,6
 2399,7
 2400,8
 2401,4
 2402,5
 2403,3
 2404,4
 2405,5
 2406,5
 2407,6
 2408,4
 2409,5
 2410,6
 2411,6
 2412,7
 2413,5
 2414,6
 2415,7
 2416,7
 2417,8
 2418,6
 2419,7
 2420,8
 2421,8
 2422,9
 2423,7
 2424,8
 2425,9
 2426,5
 2427,6
 2428,4
 2429,5
 2430,6
 2431,6
 2432,7
 2433,5
 2434,6
 2435,7
 2436,7
 2437,8
 2438,6
 2439,7
 2440,8
 2441,8
 2442,9
 2443,7
 2444,8
 2445,9
 2446,9
 2447,10
 2448,8
 2449,9
 2450,10
 2451,6
 2452,7
 2453,5
 2454,6
 2455,7
 2456,7
 2457,8
 2458,6
 2459,7
 2460,8
 2461,8
 2462,9
 2463,7
 2464,8
 2465,9
 2466,9
 2467,10
 2468,8
 2469,9
 2470,10
 2471,10
 2472,11
 2473,9
 2474,10
 2475,11
 2476,7
 2477,8
 2478,6
 2479,7
 2480,8
 2481,8
 2482,9
 2483,7
 2484,8
 2485,9
 2486,9
 2487,10
 2488,8
 2489,9
 2490,10
 2491,10
 2492,11
 2493,9
 2494,10
 2495,11
 2496,11
 2497,12
 2498,10
 2499,11
 2500,12
 2501,3
 2502,4
 2503,2
 2504,3
 2505,4
 2506,4
 2507,5
 2508,3
 2509,4
 2510,5
 2511,5
 2512,6
 2513,4
 2514,5
 2515,6
 2516,6
 2517,7
 2518,5
 2519,6
 2520,7
 2521,7
 2522,8
 2523,6
 2524,7
 2525,8
 2526,4
 2527,5
 2528,3
 2529,4
 2530,5
 2531,5
 2532,6
 2533,4
 2534,5
 2535,6
 2536,6
 2537,7
 2538,5
 2539,6
 2540,7
 2541,7
 2542,8
 2543,6
 2544,7
 2545,8
 2546,8
 2547,9
 2548,7
 2549,8
 2550,9
 2551,5
 2552,6
 2553,4
 2554,5
 2555,6
 2556,6
 2557,7
 2558,5
 2559,6
 2560,7
 2561,7
 2562,8
 2563,6
 2564,7
 2565,8
 2566,8
 2567,9
 2568,7
 2569,8
 2570,9
 2571,9
 2572,10
 2573,8
 2574,9
 2575,10
 2576,6
 2577,7
 2578,5
 2579,6
 2580,7
 2581,7
 2582,8
 2583,6
 2584,7
 2585,8
 2586,8
 2587,9
 2588,7
 2589,8
 2590,9
 2591,9
 2592,10
 2593,8
 2594,9
 2595,10
 2596,10
 2597,11
 2598,9
 2599,10
 2600,11
 2601,7
 2602,8
 2603,6
 2604,7
 2605,8
 2606,8
 2607,9
 2608,7
 2609,8
 2610,9
 2611,9
 2612,10
 2613,8
 2614,9
 2615,10
 2616,10
 2617,11
 2618,9
 2619,10
 2620,11
 2621,11
 2622,12
 2623,10
 2624,11
 2625,12
 2626,3
 2627,4
 2628,2
 2629,3
 2630,4
 2631,4
 2632,5
 2633,3
 2634,4
 2635,5
 2636,5
 2637,6
 2638,4
 2639,5
 2640,6
 2641,6
 2642,7
 2643,5
 2644,6
 2645,7
 2646,7
 2647,8
 2648,6
 2649,7
 2650,8
 2651,4
 2652,5
 2653,3
 2654,4
 2655,5
 2656,5
 2657,6
 2658,4
 2659,5
 2660,6
 2661,6
 2662,7
 2663,5
 2664,6
 2665,7
 2666,7
 2667,8
 2668,6
 2669,7
 2670,8
 2671,8
 2672,9
 2673,7
 2674,8
 2675,9
 2676,5
 2677,6
 2678,4
 2679,5
 2680,6
 2681,6
 2682,7
 2683,5
 2684,6
 2685,7
 2686,7
 2687,8
 2688,6
 2689,7
 2690,8
 2691,8
 2692,9
 2693,7
 2694,8
 2695,9
 2696,9
 2697,10
 2698,8
 2699,9
 2700,10
 2701,6
 2702,7
 2703,5
 2704,6
 2705,7
 2706,7
 2707,8
 2708,6
 2709,7
 2710,8
 2711,8
 2712,9
 2713,7
 2714,8
 2715,9
 2716,9
 2717,10
 2718,8
 2719,9
 2720,10
 2721,10
 2722,11
 2723,9
 2724,10
 2725,11
 2726,7
 2727,8
 2728,6
 2729,7
 2730,8
 2731,8
 2732,9
 2733,7
 2734,8
 2735,9
 2736,9
 2737,10
 2738,8
 2739,9
 2740,10
 2741,10
 2742,11
 2743,9
 2744,10
 2745,11
 2746,11
 2747,12
 2748,10
 2749,11
 2750,12
 2751,3
 2752,4
 2753,2
 2754,3
 2755,4
 2756,4
 2757,5
 2758,3
 2759,4
 2760,5
 2761,5
 2762,6
 2763,4
 2764,5
 2765,6
 2766,6
 2767,7
 2768,5
 2769,6
 2770,7
 2771,7
 2772,8
 2773,6
 2774,7
 2775,8
 2776,4
 2777,5
 2778,3
 2779,4
 2780,5
 2781,5
 2782,6
 2783,4
 2784,5
 2785,6
 2786,6
 2787,7
 2788,5
 2789,6
 2790,7
 2791,7
 2792,8
 2793,6
 2794,7
 2795,8
 2796,8
 2797,9
 2798,7
 2799,8
 2800,9
 2801,5
 2802,6
 2803,4
 2804,5
 2805,6
 2806,6
 2807,7
 2808,5
 2809,6
 2810,7
 2811,7
 2812,8
 2813,6
 2814,7
 2815,8
 2816,8
 2817,9
 2818,7
 2819,8
 2820,9
 2821,9
 2822,10
 2823,8
 2824,9
 2825,10
 2826,6
 2827,7
 2828,5
 2829,6
 2830,7
 2831,7
 2832,8
 2833,6
 2834,7
 2835,8
 2836,8
 2837,9
 2838,7
 2839,8
 2840,9
 2841,9
 2842,10
 2843,8
 2844,9
 2845,10
 2846,10
 2847,11
 2848,9
 2849,10
 2850,11
 2851,7
 2852,8
 2853,6
 2854,7
 2855,8
 2856,8
 2857,9
 2858,7
 2859,8
 2860,9
 2861,9
 2862,10
 2863,8
 2864,9
 2865,10
 2866,10
 2867,11
 2868,9
 2869,10
 2870,11
 2871,11
 2872,12
 2873,10
 2874,11
 2875,12
 2876,3
 2877,4
 2878,2
 2879,3
 2880,4
 2881,4
 2882,5
 2883,3
 2884,4
 2885,5
 2886,5
 2887,6
 2888,4
 2889,5
 2890,6
 2891,6
 2892,7
 2893,5
 2894,6
 2895,7
 2896,7
 2897,8
 2898,6
 2899,7
 2900,8
 2901,4
 2902,5
 2903,3
 2904,4
 2905,5
 2906,5
 2907,6
 2908,4
 2909,5
 2910,6
 2911,6
 2912,7
 2913,5
 2914,6
 2915,7
 2916,7
 2917,8
 2918,6
 2919,7
 2920,8
 2921,8
 2922,9
 2923,7
 2924,8
 2925,9
 2926,5
 2927,6
 2928,4
 2929,5
 2930,6
 2931,6
 2932,7
 2933,5
 2934,6
 2935,7
 2936,7
 2937,8
 2938,6
 2939,7
 2940,8
 2941,8
 2942,9
 2943,7
 2944,8
 2945,9
 2946,9
 2947,10
 2948,8
 2949,9
 2950,10
 2951,6
 2952,7
 2953,5
 2954,6
 2955,7
 2956,7
 2957,8
 2958,6
 2959,7
 2960,8
 2961,8
 2962,9
 2963,7
 2964,8
 2965,9
 2966,9
 2967,10
 2968,8
 2969,9
 2970,10
 2971,10
 2972,11
 2973,9
 2974,10
 2975,11
 2976,7
 2977,8
 2978,6
 2979,7
 2980,8
 2981,8
 2982,9
 2983,7
 2984,8
 2985,9
 2986,9
 2987,10
 2988,8
 2989,9
 2990,10
 2991,10
 2992,11
 2993,9
 2994,10
 2995,11
 2996,11
 2997,12
 2998,10
 2999,11
 3000,12
 3001,3
 3002,4
 3003,2
 3004,3
 3005,4
 3006,4
 3007,5
 3008,3
 3009,4
 3010,5
 3011,5
 3012,6
 3013,4
 3014,5
 3015,6
 3016,6
 3017,7
 3018,5
 3019,6
 3020,7
 3021,7
 3022,8
 3023,6
 3024,7
 3025,8
 3026,4
 3027,5
 3028,3
 3029,4
 3030,5
 3031,5
 3032,6
 3033,4
 3034,5
 3035,6
 3036,6
 3037,7
 3038,5
 3039,6
 3040,7
 3041,7
 3042,8
 3043,6
 3044,7
 3045,8
 3046,8
 3047,9
 3048,7
 3049,8
 3050,9
 3051,5
 3052,6
 3053,4
 3054,5
 3055,6
 3056,6
 3057,7
 3058,5
 3059,6
 3060,7
 3061,7
 3062,8
 3063,6
 3064,7
 3065,8
 3066,8
 3067,9
 3068,7
 3069,8
 3070,9
 3071,9
 3072,10
 3073,8
 3074,9
 3075,10
 3076,6
 3077,7
 3078,5
 3079,6
 3080,7
 3081,7
 3082,8
 3083,6
 3084,7
 3085,8
 3086,8
 3087,9
 3088,7
 3089,8
 3090,9
 3091,9
 3092,10
 3093,8
 3094,9
 3095,10
 3096,10
 3097,11
 3098,9
 3099,10
 3100,11
 3101,7
 3102,8
 3103,6
 3104,7
 3105,8
 3106,8
 3107,9
 3108,7
 3109,8
 3110,9
 3111,9
 3112,10
 3113,8
 3114,9
 3115,10
 3116,10
 3117,11
 3118,9
 3119,10
 3120,11
 3121,11
 3122,12
 3123,10
 3124,11
 3125,12
 3126,3
 3127,4
 3128,2
 3129,3
 3130,4
 3131,4
 3132,5
 3133,3
 3134,4
 3135,5
 3136,5
 3137,6
 3138,4
 3139,5
 3140,6
 3141,6
 3142,7
 3143,5
 3144,6
 3145,7
 3146,7
 3147,8
 3148,6
 3149,7
 3150,8
 3151,4
 3152,5
 3153,3
 3154,4
 3155,5
 3156,5
 3157,6
 3158,4
 3159,5
 3160,6
 3161,6
 3162,7
 3163,5
 3164,6
 3165,7
 3166,7
 3167,8
 3168,6
 3169,7
 3170,8
 3171,8
 3172,9
 3173,7
 3174,8
 3175,9
 3176,5
 3177,6
 3178,4
 3179,5
 3180,6
 3181,6
 3182,7
 3183,5
 3184,6
 3185,7
 3186,7
 3187,8
 3188,6
 3189,7
 3190,8
 3191,8
 3192,9
 3193,7
 3194,8
 3195,9
 3196,9
 3197,10
 3198,8
 3199,9
 3200,10
 3201,6
 3202,7
 3203,5
 3204,6
 3205,7
 3206,7
 3207,8
 3208,6
 3209,7
 3210,8
 3211,8
 3212,9
 3213,7
 3214,8
 3215,9
 3216,9
 3217,10
 3218,8
 3219,9
 3220,10
 3221,10
 3222,11
 3223,9
 3224,10
 3225,11
 3226,7
 3227,8
 3228,6
 3229,7
 3230,8
 3231,8
 3232,9
 3233,7
 3234,8
 3235,9
 3236,9
 3237,10
 3238,8
 3239,9
 3240,10
 3241,10
 3242,11
 3243,9
 3244,10
 3245,11
 3246,11
 3247,12
 3248,10
 3249,11
 3250,12
 3251,3
 3252,4
 3253,2
 3254,3
 3255,4
 3256,4
 3257,5
 3258,3
 3259,4
 3260,5
 3261,5
 3262,6
 3263,4
 3264,5
 3265,6
 3266,6
 3267,7
 3268,5
 3269,6
 3270,7
 3271,7
 3272,8
 3273,6
 3274,7
 3275,8
 3276,4
 3277,5
 3278,3
 3279,4
 3280,5
 3281,5
 3282,6
 3283,4
 3284,5
 3285,6
 3286,6
 3287,7
 3288,5
 3289,6
 3290,7
 3291,7
 3292,8
 3293,6
 3294,7
 3295,8
 3296,8
 3297,9
 3298,7
 3299,8
 3300,9
 3301,5
 3302,6
 3303,4
 3304,5
 3305,6
 3306,6
 3307,7
 3308,5
 3309,6
 3310,7
 3311,7
 3312,8
 3313,6
 3314,7
 3315,8
 3316,8
 3317,9
 3318,7
 3319,8
 3320,9
 3321,9
 3322,10
 3323,8
 3324,9
 3325,10
 3326,6
 3327,7
 3328,5
 3329,6
 3330,7
 3331,7
 3332,8
 3333,6
 3334,7
 3335,8
 3336,8
 3337,9
 3338,7
 3339,8
 3340,9
 3341,9
 3342,10
 3343,8
 3344,9
 3345,10
 3346,10
 3347,11
 3348,9
 3349,10
 3350,11
 3351,7
 3352,8
 3353,6
 3354,7
 3355,8
 3356,8
 3357,9
 3358,7
 3359,8
 3360,9
 3361,9
 3362,10
 3363,8
 3364,9
 3365,10
 3366,10
 3367,11
 3368,9
 3369,10
 3370,11
 3371,11
 3372,12
 3373,10
 3374,11
 3375,12
 3376,3
 3377,4
 3378,2
 3379,3
 3380,4
 3381,4
 3382,5
 3383,3
 3384,4
 3385,5
 3386,5
 3387,6
 3388,4
 3389,5
 3390,6
 3391,6
 3392,7
 3393,5
 3394,6
 3395,7
 3396,7
 3397,8
 3398,6
 3399,7
 3400,8
 3401,4
 3402,5
 3403,3
 3404,4
 3405,5
 3406,5
 3407,6
 3408,4
 3409,5
 3410,6
 3411,6
 3412,7
 3413,5
 3414,6
 3415,7
 3416,7
 3417,8
 3418,6
 3419,7
 3420,8
 3421,8
 3422,9
 3423,7
 3424,8
 3425,9
 3426,5
 3427,6
 3428,4
 3429,5
 3430,6
 3431,6
 3432,7
 3433,5
 3434,6
 3435,7
 3436,7
 3437,8
 3438,6
 3439,7
 3440,8
 3441,8
 3442,9
 3443,7
 3444,8
 3445,9
 3446,9
 3447,10
 3448,8
 3449,9
 3450,10
 3451,6
 3452,7
 3453,5
 3454,6
 3455,7
 3456,7
 3457,8
 3458,6
 3459,7
 3460,8
 3461,8
 3462,9
 3463,7
 3464,8
 3465,9
 3466,9
 3467,10
 3468,8
 3469,9
 3470,10
 3471,10
 3472,11
 3473,9
 3474,10
 3475,11
 3476,7
 3477,8
 3478,6
 3479,7
 3480,8
 3481,8
 3482,9
 3483,7
 3484,8
 3485,9
 3486,9
 3487,10
 3488,8
 3489,9
 3490,10
 3491,10
 3492,11
 3493,9
 3494,10
 3495,11
 3496,11
 3497,12
 3498,10
 3499,11
 3500,12
 3501,3
 3502,4
 3503,2
 3504,3
 3505,4
 3506,4
 3507,5
 3508,3
 3509,4
 3510,5
 3511,5
 3512,6
 3513,4
 3514,5
 3515,6
 3516,6
 3517,7
 3518,5
 3519,6
 3520,7
 3521,7
 3522,8
 3523,6
 3524,7
 3525,8
 3526,4
 3527,5
 3528,3
 3529,4
 3530,5
 3531,5
 3532,6
 3533,4
 3534,5
 3535,6
 3536,6
 3537,7
 3538,5
 3539,6
 3540,7
 3541,7
 3542,8
 3543,6
 3544,7
 3545,8
 3546,8
 3547,9
 3548,7
 3549,8
 3550,9
 3551,5
 3552,6
 3553,4
 3554,5
 3555,6
 3556,6
 3557,7
 3558,5
 3559,6
 3560,7
 3561,7
 3562,8
 3563,6
 3564,7
 3565,8
 3566,8
 3567,9
 3568,7
 3569,8
 3570,9
 3571,9
 3572,10
 3573,8
 3574,9
 3575,10
 3576,6
 3577,7
 3578,5
 3579,6
 3580,7
 3581,7
 3582,8
 3583,6
 3584,7
 3585,8
 3586,8
 3587,9
 3588,7
 3589,8
 3590,9
 3591,9
 3592,10
 3593,8
 3594,9
 3595,10
 3596,10
 3597,11
 3598,9
 3599,10
 3600,11
 3601,7
 3602,8
 3603,6
 3604,7
 3605,8
 3606,8
 3607,9
 3608,7
 3609,8
 3610,9
 3611,9
 3612,10
 3613,8
 3614,9
 3615,10
 3616,10
 3617,11
 3618,9
 3619,10
 3620,11
 3621,11
 3622,12
 3623,10
 3624,11
 3625,12
 3626,3
 3627,4
 3628,2
 3629,3
 3630,4
 3631,4
 3632,5
 3633,3
 3634,4
 3635,5
 3636,5
 3637,6
 3638,4
 3639,5
 3640,6
 3641,6
 3642,7
 3643,5
 3644,6
 3645,7
 3646,7
 3647,8
 3648,6
 3649,7
 3650,8
 3651,4
 3652,5
 3653,3
 3654,4
 3655,5
 3656,5
 3657,6
 3658,4
 3659,5
 3660,6
 3661,6
 3662,7
 3663,5
 3664,6
 3665,7
 3666,7
 3667,8
 3668,6
 3669,7
 3670,8
 3671,8
 3672,9
 3673,7
 3674,8
 3675,9
 3676,5
 3677,6
 3678,4
 3679,5
 3680,6
 3681,6
 3682,7
 3683,5
 3684,6
 3685,7
 3686,7
 3687,8
 3688,6
 3689,7
 3690,8
 3691,8
 3692,9
 3693,7
 3694,8
 3695,9
 3696,9
 3697,10
 3698,8
 3699,9
 3700,10
 3701,6
 3702,7
 3703,5
 3704,6
 3705,7
 3706,7
 3707,8
 3708,6
 3709,7
 3710,8
 3711,8
 3712,9
 3713,7
 3714,8
 3715,9
 3716,9
 3717,10
 3718,8
 3719,9
 3720,10
 3721,10
 3722,11
 3723,9
 3724,10
 3725,11
 3726,7
 3727,8
 3728,6
 3729,7
 3730,8
 3731,8
 3732,9
 3733,7
 3734,8
 3735,9
 3736,9
 3737,10
 3738,8
 3739,9
 3740,10
 3741,10
 3742,11
 3743,9
 3744,10
 3745,11
 3746,11
 3747,12
 3748,10
 3749,11
 3750,12
 3751,3
 3752,4
 3753,2
 3754,3
 3755,4
 3756,4
 3757,5
 3758,3
 3759,4
 3760,5
 3761,5
 3762,6
 3763,4
 3764,5
 3765,6
 3766,6
 3767,7
 3768,5
 3769,6
 3770,7
 3771,7
 3772,8
 3773,6
 3774,7
 3775,8
 3776,4
 3777,5
 3778,3
 3779,4
 3780,5
 3781,5
 3782,6
 3783,4
 3784,5
 3785,6
 3786,6
 3787,7
 3788,5
 3789,6
 3790,7
 3791,7
 3792,8
 3793,6
 3794,7
 3795,8
 3796,8
 3797,9
 3798,7
 3799,8
 3800,9
 3801,5
 3802,6
 3803,4
 3804,5
 3805,6
 3806,6
 3807,7
 3808,5
 3809,6
 3810,7
 3811,7
 3812,8
 3813,6
 3814,7
 3815,8
 3816,8
 3817,9
 3818,7
 3819,8
 3820,9
 3821,9
 3822,10
 3823,8
 3824,9
 3825,10
 3826,6
 3827,7
 3828,5
 3829,6
 3830,7
 3831,7
 3832,8
 3833,6
 3834,7
 3835,8
 3836,8
 3837,9
 3838,7
 3839,8
 3840,9
 3841,9
 3842,10
 3843,8
 3844,9
 3845,10
 3846,10
 3847,11
 3848,9
 3849,10
 3850,11
 3851,7
 3852,8
 3853,6
 3854,7
 3855,8
 3856,8
 3857,9
 3858,7
 3859,8
 3860,9
 3861,9
 3862,10
 3863,8
 3864,9
 3865,10
 3866,10
 3867,11
 3868,9
 3869,10
 3870,11
 3871,11
 3872,12
 3873,10
 3874,11
 3875,12
 3876,3
 3877,4
 3878,2
 3879,3
 3880,4
 3881,4
 3882,5
 3883,3
 3884,4
 3885,5
 3886,5
 3887,6
 3888,4
 3889,5
 3890,6
 3891,6
 3892,7
 3893,5
 3894,6
 3895,7
 3896,7
 3897,8
 3898,6
 3899,7
 3900,8
 3901,4
 3902,5
 3903,3
 3904,4
 3905,5
 3906,5
 3907,6
 3908,4
 3909,5
 3910,6
 3911,6
 3912,7
 3913,5
 3914,6
 3915,7
 3916,7
 3917,8
 3918,6
 3919,7
 3920,8
 3921,8
 3922,9
 3923,7
 3924,8
 3925,9
 3926,5
 3927,6
 3928,4
 3929,5
 3930,6
 3931,6
 3932,7
 3933,5
 3934,6
 3935,7
 3936,7
 3937,8
 3938,6
 3939,7
 3940,8
 3941,8
 3942,9
 3943,7
 3944,8
 3945,9
 3946,9
 3947,10
 3948,8
 3949,9
 3950,10
 3951,6
 3952,7
 3953,5
 3954,6
 3955,7
 3956,7
 3957,8
 3958,6
 3959,7
 3960,8
 3961,8
 3962,9
 3963,7
 3964,8
 3965,9
 3966,9
 3967,10
 3968,8
 3969,9
 3970,10
 3971,10
 3972,11
 3973,9
 3974,10
 3975,11
 3976,7
 3977,8
 3978,6
 3979,7
 3980,8
 3981,8
 3982,9
 3983,7
 3984,8
 3985,9
 3986,9
 3987,10
 3988,8
 3989,9
 3990,10
 3991,10
 3992,11
 3993,9
 3994,10
 3995,11
 3996,11
 3997,12
 3998,10
 3999,11
 4000,12
 4001,3
 4002,4
 4003,2
 4004,3
 4005,4
 4006,4
 4007,5
 4008,3
 4009,4
 4010,5
 4011,5
 4012,6
 4013,4
 4014,5
 4015,6
 4016,6
 4017,7
 4018,5
 4019,6
 4020,7
 4021,7
 4022,8
 4023,6
 4024,7
 4025,8
 4026,4
 4027,5
 4028,3
 4029,4
 4030,5
 4031,5
 4032,6
 4033,4
 4034,5
 4035,6
 4036,6
 4037,7
 4038,5
 4039,6
 4040,7
 4041,7
 4042,8
 4043,6
 4044,7
 4045,8
 4046,8
 4047,9
 4048,7
 4049,8
 4050,9
 4051,5
 4052,6
 4053,4
 4054,5
 4055,6
 4056,6
 4057,7
 4058,5
 4059,6
 4060,7
 4061,7
 4062,8
 4063,6
 4064,7
 4065,8
 4066,8
 4067,9
 4068,7
 4069,8
 4070,9
 4071,9
 4072,10
 4073,8
 4074,9
 4075,10
 4076,6
 4077,7
 4078,5
 4079,6
 4080,7
 4081,7
 4082,8
 4083,6
 4084,7
 4085,8
 4086,8
 4087,9
 4088,7
 4089,8
 4090,9
 4091,9
 4092,10
 4093,8
 4094,9
 4095,10
 4096,10
 4097,11
 4098,9
 4099,10
 4100,11
 4101,7
 4102,8
 4103,6
 4104,7
 4105,8
 4106,8
 4107,9
 4108,7
 4109,8
 4110,9
 4111,9
 4112,10
 4113,8
 4114,9
 4115,10
 4116,10
 4117,11
 4118,9
 4119,10
 4120,11
 4121,11
 4122,12
 4123,10
 4124,11
 4125,12
 4126,3
 4127,4
 4128,2
 4129,3
 4130,4
 4131,4
 4132,5
 4133,3
 4134,4
 4135,5
 4136,5
 4137,6
 4138,4
 4139,5
 4140,6
 4141,6
 4142,7
 4143,5
 4144,6
 4145,7
 4146,7
 4147,8
 4148,6
 4149,7
 4150,8
 4151,4
 4152,5
 4153,3
 4154,4
 4155,5
 4156,5
 4157,6
 4158,4
 4159,5
 4160,6
 4161,6
 4162,7
 4163,5
 4164,6
 4165,7
 4166,7
 4167,8
 4168,6
 4169,7
 4170,8
 4171,8
 4172,9
 4173,7
 4174,8
 4175,9
 4176,5
 4177,6
 4178,4
 4179,5
 4180,6
 4181,6
 4182,7
 4183,5
 4184,6
 4185,7
 4186,7
 4187,8
 4188,6
 4189,7
 4190,8
 4191,8
 4192,9
 4193,7
 4194,8
 4195,9
 4196,9
 4197,10
 4198,8
 4199,9
 4200,10
 4201,6
 4202,7
 4203,5
 4204,6
 4205,7
 4206,7
 4207,8
 4208,6
 4209,7
 4210,8
 4211,8
 4212,9
 4213,7
 4214,8
 4215,9
 4216,9
 4217,10
 4218,8
 4219,9
 4220,10
 4221,10
 4222,11
 4223,9
 4224,10
 4225,11
 4226,7
 4227,8
 4228,6
 4229,7
 4230,8
 4231,8
 4232,9
 4233,7
 4234,8
 4235,9
 4236,9
 4237,10
 4238,8
 4239,9
 4240,10
 4241,10
 4242,11
 4243,9
 4244,10
 4245,11
 4246,11
 4247,12
 4248,10
 4249,11
 4250,12
 4251,3
 4252,4
 4253,2
 4254,3
 4255,4
 4256,4
 4257,5
 4258,3
 4259,4
 4260,5
 4261,5
 4262,6
 4263,4
 4264,5
 4265,6
 4266,6
 4267,7
 4268,5
 4269,6
 4270,7
 4271,7
 4272,8
 4273,6
 4274,7
 4275,8
 4276,4
 4277,5
 4278,3
 4279,4
 4280,5
 4281,5
 4282,6
 4283,4
 4284,5
 4285,6
 4286,6
 4287,7
 4288,5
 4289,6
 4290,7
 4291,7
 4292,8
 4293,6
 4294,7
 4295,8
 4296,8
 4297,9
 4298,7
 4299,8
 4300,9
 4301,5
 4302,6
 4303,4
 4304,5
 4305,6
 4306,6
 4307,7
 4308,5
 4309,6
 4310,7
 4311,7
 4312,8
 4313,6
 4314,7
 4315,8
 4316,8
 4317,9
 4318,7
 4319,8
 4320,9
 4321,9
 4322,10
 4323,8
 4324,9
 4325,10
 4326,6
 4327,7
 4328,5
 4329,6
 4330,7
 4331,7
 4332,8
 4333,6
 4334,7
 4335,8
 4336,8
 4337,9
 4338,7
 4339,8
 4340,9
 4341,9
 4342,10
 4343,8
 4344,9
 4345,10
 4346,10
 4347,11
 4348,9
 4349,10
 4350,11
 4351,7
 4352,8
 4353,6
 4354,7
 4355,8
 4356,8
 4357,9
 4358,7
 4359,8
 4360,9
 4361,9
 4362,10
 4363,8
 4364,9
 4365,10
 4366,10
 4367,11
 4368,9
 4369,10
 4370,11
 4371,11
 4372,12
 4373,10
 4374,11
 4375,12
 4376,3
 4377,4
 4378,2
 4379,3
 4380,4
 4381,4
 4382,5
 4383,3
 4384,4
 4385,5
 4386,5
 4387,6
 4388,4
 4389,5
 4390,6
 4391,6
 4392,7
 4393,5
 4394,6
 4395,7
 4396,7
 4397,8
 4398,6
 4399,7
 4400,8
 4401,4
 4402,5
 4403,3
 4404,4
 4405,5
 4406,5
 4407,6
 4408,4
 4409,5
 4410,6
 4411,6
 4412,7
 4413,5
 4414,6
 4415,7
 4416,7
 4417,8
 4418,6
 4419,7
 4420,8
 4421,8
 4422,9
 4423,7
 4424,8
 4425,9
 4426,5
 4427,6
 4428,4
 4429,5
 4430,6
 4431,6
 4432,7
 4433,5
 4434,6
 4435,7
 4436,7
 4437,8
 4438,6
 4439,7
 4440,8
 4441,8
 4442,9
 4443,7
 4444,8
 4445,9
 4446,9
 4447,10
 4448,8
 4449,9
 4450,10
 4451,6
 4452,7
 4453,5
 4454,6
 4455,7
 4456,7
 4457,8
 4458,6
 4459,7
 4460,8
 4461,8
 4462,9
 4463,7
 4464,8
 4465,9
 4466,9
 4467,10
 4468,8
 4469,9
 4470,10
 4471,10
 4472,11
 4473,9
 4474,10
 4475,11
 4476,7
 4477,8
 4478,6
 4479,7
 4480,8
 4481,8
 4482,9
 4483,7
 4484,8
 4485,9
 4486,9
 4487,10
 4488,8
 4489,9
 4490,10
 4491,10
 4492,11
 4493,9
 4494,10
 4495,11
 4496,11
 4497,12
 4498,10
 4499,11
 4500,12
 4501,3
 4502,4
 4503,2
 4504,3
 4505,4
 4506,4
 4507,5
 4508,3
 4509,4
 4510,5
 4511,5
 4512,6
 4513,4
 4514,5
 4515,6
 4516,6
 4517,7
 4518,5
 4519,6
 4520,7
 4521,7
 4522,8
 4523,6
 4524,7
 4525,8
 4526,4
 4527,5
 4528,3
 4529,4
 4530,5
 4531,5
 4532,6
 4533,4
 4534,5
 4535,6
 4536,6
 4537,7
 4538,5
 4539,6
 4540,7
 4541,7
 4542,8
 4543,6
 4544,7
 4545,8
 4546,8
 4547,9
 4548,7
 4549,8
 4550,9
 4551,5
 4552,6
 4553,4
 4554,5
 4555,6
 4556,6
 4557,7
 4558,5
 4559,6
 4560,7
 4561,7
 4562,8
 4563,6
 4564,7
 4565,8
 4566,8
 4567,9
 4568,7
 4569,8
 4570,9
 4571,9
 4572,10
 4573,8
 4574,9
 4575,10
 4576,6
 4577,7
 4578,5
 4579,6
 4580,7
 4581,7
 4582,8
 4583,6
 4584,7
 4585,8
 4586,8
 4587,9
 4588,7
 4589,8
 4590,9
 4591,9
 4592,10
 4593,8
 4594,9
 4595,10
 4596,10
 4597,11
 4598,9
 4599,10
 4600,11
 4601,7
 4602,8
 4603,6
 4604,7
 4605,8
 4606,8
 4607,9
 4608,7
 4609,8
 4610,9
 4611,9
 4612,10
 4613,8
 4614,9
 4615,10
 4616,10
 4617,11
 4618,9
 4619,10
 4620,11
 4621,11
 4622,12
 4623,10
 4624,11
 4625,12
 4626,3
 4627,4
 4628,2
 4629,3
 4630,4
 4631,4
 4632,5
 4633,3
 4634,4
 4635,5
 4636,5
 4637,6
 4638,4
 4639,5
 4640,6
 4641,6
 4642,7
 4643,5
 4644,6
 4645,7
 4646,7
 4647,8
 4648,6
 4649,7
 4650,8
 4651,4
 4652,5
 4653,3
 4654,4
 4655,5
 4656,5
 4657,6
 4658,4
 4659,5
 4660,6
 4661,6
 4662,7
 4663,5
 4664,6
 4665,7
 4666,7
 4667,8
 4668,6
 4669,7
 4670,8
 4671,8
 4672,9
 4673,7
 4674,8
 4675,9
 4676,5
 4677,6
 4678,4
 4679,5
 4680,6
 4681,6
 4682,7
 4683,5
 4684,6
 4685,7
 4686,7
 4687,8
 4688,6
 4689,7
 4690,8
 4691,8
 4692,9
 4693,7
 4694,8
 4695,9
 4696,9
 4697,10
 4698,8
 4699,9
 4700,10
 4701,6
 4702,7
 4703,5
 4704,6
 4705,7
 4706,7
 4707,8
 4708,6
 4709,7
 4710,8
 4711,8
 4712,9
 4713,7
 4714,8
 4715,9
 4716,9
 4717,10
 4718,8
 4719,9
 4720,10
 4721,10
 4722,11
 4723,9
 4724,10
 4725,11
 4726,7
 4727,8
 4728,6
 4729,7
 4730,8
 4731,8
 4732,9
 4733,7
 4734,8
 4735,9
 4736,9
 4737,10
 4738,8
 4739,9
 4740,10
 4741,10
 4742,11
 4743,9
 4744,10
 4745,11
 4746,11
 4747,12
 4748,10
 4749,11
 4750,12
 4751,3
 4752,4
 4753,2
 4754,3
 4755,4
 4756,4
 4757,5
 4758,3
 4759,4
 4760,5
 4761,5
 4762,6
 4763,4
 4764,5
 4765,6
 4766,6
 4767,7
 4768,5
 4769,6
 4770,7
 4771,7
 4772,8
 4773,6
 4774,7
 4775,8
 4776,4
 4777,5
 4778,3
 4779,4
 4780,5
 4781,5
 4782,6
 4783,4
 4784,5
 4785,6
 4786,6
 4787,7
 4788,5
 4789,6
 4790,7
 4791,7
 4792,8
 4793,6
 4794,7
 4795,8
 4796,8
 4797,9
 4798,7
 4799,8
 4800,9
 4801,5
 4802,6
 4803,4
 4804,5
 4805,6
 4806,6
 4807,7
 4808,5
 4809,6
 4810,7
 4811,7
 4812,8
 4813,6
 4814,7
 4815,8
 4816,8
 4817,9
 4818,7
 4819,8
 4820,9
 4821,9
 4822,10
 4823,8
 4824,9
 4825,10
 4826,6
 4827,7
 4828,5
 4829,6
 4830,7
 4831,7
 4832,8
 4833,6
 4834,7
 4835,8
 4836,8
 4837,9
 4838,7
 4839,8
 4840,9
 4841,9
 4842,10
 4843,8
 4844,9
 4845,10
 4846,10
 4847,11
 4848,9
 4849,10
 4850,11
 4851,7
 4852,8
 4853,6
 4854,7
 4855,8
 4856,8
 4857,9
 4858,7
 4859,8
 4860,9
 4861,9
 4862,10
 4863,8
 4864,9
 4865,10
 4866,10
 4867,11
 4868,9
 4869,10
 4870,11
 4871,11
 4872,12
 4873,10
 4874,11
 4875,12
 4876,3
 4877,4
 4878,2
 4879,3
 4880,4
 4881,4
 4882,5
 4883,3
 4884,4
 4885,5
 4886,5
 4887,6
 4888,4
 4889,5
 4890,6
 4891,6
 4892,7
 4893,5
 4894,6
 4895,7
 4896,7
 4897,8
 4898,6
 4899,7
 4900,8
 4901,4
 4902,5
 4903,3
 4904,4
 4905,5
 4906,5
 4907,6
 4908,4
 4909,5
 4910,6
 4911,6
 4912,7
 4913,5
 4914,6
 4915,7
 4916,7
 4917,8
 4918,6
 4919,7
 4920,8
 4921,8
 4922,9
 4923,7
 4924,8
 4925,9
 4926,5
 4927,6
 4928,4
 4929,5
 4930,6
 4931,6
 4932,7
 4933,5
 4934,6
 4935,7
 4936,7
 4937,8
 4938,6
 4939,7
 4940,8
 4941,8
 4942,9
 4943,7
 4944,8
 4945,9
 4946,9
 4947,10
 4948,8
 4949,9
 4950,10
 4951,6
 4952,7
 4953,5
 4954,6
 4955,7
 4956,7
 4957,8
 4958,6
 4959,7
 4960,8
 4961,8
 4962,9
 4963,7
 4964,8
 4965,9
 4966,9
 4967,10
 4968,8
 4969,9
 4970,10
 4971,10
 4972,11
 4973,9
 4974,10
 4975,11
 4976,7
 4977,8
 4978,6
 4979,7
 4980,8
 4981,8
 4982,9
 4983,7
 4984,8
 4985,9
 4986,9
 4987,10
 4988,8
 4989,9
 4990,10
 4991,10
 4992,11
 4993,9
 4994,10
 4995,11
 4996,11
 4997,12
 4998,10
 4999,11
 5000,12
 5001,3
 5002,4
 5003,2
 5004,3
 5005,4
 5006,4
 5007,5
 5008,3
 5009,4
 5010,5
 5011,5
 5012,6
 5013,4
 5014,5
 5015,6
 5016,6
 5017,7
 5018,5
 5019,6
 5020,7
 5021,7
 5022,8
 5023,6
 5024,7
 5025,8
 5026,4
 5027,5
 5028,3
 5029,4
 5030,5
 5031,5
 5032,6
 5033,4
 5034,5
 5035,6
 5036,6
 5037,7
 5038,5
 5039,6
 5040,7
 5041,7
 5042,8
 5043,6
 5044,7
 5045,8
 5046,8
 5047,9
 5048,7
 5049,8
 5050,9
 5051,5
 5052,6
 5053,4
 5054,5
 5055,6
 5056,6
 5057,7
 5058,5
 5059,6
 5060,7
 5061,7
 5062,8
 5063,6
 5064,7
 5065,8
 5066,8
 5067,9
 5068,7
 5069,8
 5070,9
 5071,9
 5072,10
 5073,8
 5074,9
 5075,10
 5076,6
 5077,7
 5078,5
 5079,6
 5080,7
 5081,7
 5082,8
 5083,6
 5084,7
 5085,8
 5086,8
 5087,9
 5088,7
 5089,8
 5090,9
 5091,9
 5092,10
 5093,8
 5094,9
 5095,10
 5096,10
 5097,11
 5098,9
 5099,10
 5100,11
 5101,7
 5102,8
 5103,6
 5104,7
 5105,8
 5106,8
 5107,9
 5108,7
 5109,8
 5110,9
 5111,9
 5112,10
 5113,8
 5114,9
 5115,10
 5116,10
 5117,11
 5118,9
 5119,10
 5120,11
 5121,11
 5122,12
 5123,10
 5124,11
 5125,12
 5126,3
 5127,4
 5128,2
 5129,3
 5130,4
 5131,4
 5132,5
 5133,3
 5134,4
 5135,5
 5136,5
 5137,6
 5138,4
 5139,5
 5140,6
 5141,6
 5142,7
 5143,5
 5144,6
 5145,7
 5146,7
 5147,8
 5148,6
 5149,7
 5150,8
 5151,4
 5152,5
 5153,3
 5154,4
 5155,5
 5156,5
 5157,6
 5158,4
 5159,5
 5160,6
 5161,6
 5162,7
 5163,5
 5164,6
 5165,7
 5166,7
 5167,8
 5168,6
 5169,7
 5170,8
 5171,8
 5172,9
 5173,7
 5174,8
 5175,9
 5176,5
 5177,6
 5178,4
 5179,5
 5180,6
 5181,6
 5182,7
 5183,5
 5184,6
 5185,7
 5186,7
 5187,8
 5188,6
 5189,7
 5190,8
 5191,8
 5192,9
 5193,7
 5194,8
 5195,9
 5196,9
 5197,10
 5198,8
 5199,9
 5200,10
 5201,6
 5202,7
 5203,5
 5204,6
 5205,7
 5206,7
 5207,8
 5208,6
 5209,7
 5210,8
 5211,8
 5212,9
 5213,7
 5214,8
 5215,9
 5216,9
 5217,10
 5218,8
 5219,9
 5220,10
 5221,10
 5222,11
 5223,9
 5224,10
 5225,11
 5226,7
 5227,8
 5228,6
 5229,7
 5230,8
 5231,8
 5232,9
 5233,7
 5234,8
 5235,9
 5236,9
 5237,10
 5238,8
 5239,9
 5240,10
 5241,10
 5242,11
 5243,9
 5244,10
 5245,11
 5246,11
 5247,12
 5248,10
 5249,11
 5250,12
 5251,3
 5252,4
 5253,2
 5254,3
 5255,4
 5256,4
 5257,5
 5258,3
 5259,4
 5260,5
 5261,5
 5262,6
 5263,4
 5264,5
 5265,6
 5266,6
 5267,7
 5268,5
 5269,6
 5270,7
 5271,7
 5272,8
 5273,6
 5274,7
 5275,8
 5276,4
 5277,5
 5278,3
 5279,4
 5280,5
 5281,5
 5282,6
 5283,4
 5284,5
 5285,6
 5286,6
 5287,7
 5288,5
 5289,6
 5290,7
 5291,7
 5292,8
 5293,6
 5294,7
 5295,8
 5296,8
 5297,9
 5298,7
 5299,8
 5300,9
 5301,5
 5302,6
 5303,4
 5304,5
 5305,6
 5306,6
 5307,7
 5308,5
 5309,6
 5310,7
 5311,7
 5312,8
 5313,6
 5314,7
 5315,8
 5316,8
 5317,9
 5318,7
 5319,8
 5320,9
 5321,9
 5322,10
 5323,8
 5324,9
 5325,10
 5326,6
 5327,7
 5328,5
 5329,6
 5330,7
 5331,7
 5332,8
 5333,6
 5334,7
 5335,8
 5336,8
 5337,9
 5338,7
 5339,8
 5340,9
 5341,9
 5342,10
 5343,8
 5344,9
 5345,10
 5346,10
 5347,11
 5348,9
 5349,10
 5350,11
 5351,7
 5352,8
 5353,6
 5354,7
 5355,8
 5356,8
 5357,9
 5358,7
 5359,8
 5360,9
 5361,9
 5362,10
 5363,8
 5364,9
 5365,10
 5366,10
 5367,11
 5368,9
 5369,10
 5370,11
 5371,11
 5372,12
 5373,10
 5374,11
 5375,12
 5376,3
 5377,4
 5378,2
 5379,3
 5380,4
 5381,4
 5382,5
 5383,3
 5384,4
 5385,5
 5386,5
 5387,6
 5388,4
 5389,5
 5390,6
 5391,6
 5392,7
 5393,5
 5394,6
 5395,7
 5396,7
 5397,8
 5398,6
 5399,7
 5400,8
 5401,4
 5402,5
 5403,3
 5404,4
 5405,5
 5406,5
 5407,6
 5408,4
 5409,5
 5410,6
 5411,6
 5412,7
 5413,5
 5414,6
 5415,7
 5416,7
 5417,8
 5418,6
 5419,7
 5420,8
 5421,8
 5422,9
 5423,7
 5424,8
 5425,9
 5426,5
 5427,6
 5428,4
 5429,5
 5430,6
 5431,6
 5432,7
 5433,5
 5434,6
 5435,7
 5436,7
 5437,8
 5438,6
 5439,7
 5440,8
 5441,8
 5442,9
 5443,7
 5444,8
 5445,9
 5446,9
 5447,10
 5448,8
 5449,9
 5450,10
 5451,6
 5452,7
 5453,5
 5454,6
 5455,7
 5456,7
 5457,8
 5458,6
 5459,7
 5460,8
 5461,8
 5462,9
 5463,7
 5464,8
 5465,9
 5466,9
 5467,10
 5468,8
 5469,9
 5470,10
 5471,10
 5472,11
 5473,9
 5474,10
 5475,11
 5476,7
 5477,8
 5478,6
 5479,7
 5480,8
 5481,8
 5482,9
 5483,7
 5484,8
 5485,9
 5486,9
 5487,10
 5488,8
 5489,9
 5490,10
 5491,10
 5492,11
 5493,9
 5494,10
 5495,11
 5496,11
 5497,12
 5498,10
 5499,11
 5500,12
 5501,3
 5502,4
 5503,2
 5504,3
 5505,4
 5506,4
 5507,5
 5508,3
 5509,4
 5510,5
 5511,5
 5512,6
 5513,4
 5514,5
 5515,6
 5516,6
 5517,7
 5518,5
 5519,6
 5520,7
 5521,7
 5522,8
 5523,6
 5524,7
 5525,8
 5526,4
 5527,5
 5528,3
 5529,4
 5530,5
 5531,5
 5532,6
 5533,4
 5534,5
 5535,6
 5536,6
 5537,7
 5538,5
 5539,6
 5540,7
 5541,7
 5542,8
 5543,6
 5544,7
 5545,8
 5546,8
 5547,9
 5548,7
 5549,8
 5550,9
 5551,5
 5552,6
 5553,4
 5554,5
 5555,6
 5556,6
 5557,7
 5558,5
 5559,6
 5560,7
 5561,7
 5562,8
 5563,6
 5564,7
 5565,8
 5566,8
 5567,9
 5568,7
 5569,8
 5570,9
 5571,9
 5572,10
 5573,8
 5574,9
 5575,10
 5576,6
 5577,7
 5578,5
 5579,6
 5580,7
 5581,7
 5582,8
 5583,6
 5584,7
 5585,8
 5586,8
 5587,9
 5588,7
 5589,8
 5590,9
 5591,9
 5592,10
 5593,8
 5594,9
 5595,10
 5596,10
 5597,11
 5598,9
 5599,10
 5600,11
 5601,7
 5602,8
 5603,6
 5604,7
 5605,8
 5606,8
 5607,9
 5608,7
 5609,8
 5610,9
 5611,9
 5612,10
 5613,8
 5614,9
 5615,10
 5616,10
 5617,11
 5618,9
 5619,10
 5620,11
 5621,11
 5622,12
 5623,10
 5624,11
 5625,12
 5626,3
 5627,4
 5628,2
 5629,3
 5630,4
 5631,4
 5632,5
 5633,3
 5634,4
 5635,5
 5636,5
 5637,6
 5638,4
 5639,5
 5640,6
 5641,6
 5642,7
 5643,5
 5644,6
 5645,7
 5646,7
 5647,8
 5648,6
 5649,7
 5650,8
 5651,4
 5652,5
 5653,3
 5654,4
 5655,5
 5656,5
 5657,6
 5658,4
 5659,5
 5660,6
 5661,6
 5662,7
 5663,5
 5664,6
 5665,7
 5666,7
 5667,8
 5668,6
 5669,7
 5670,8
 5671,8
 5672,9
 5673,7
 5674,8
 5675,9
 5676,5
 5677,6
 5678,4
 5679,5
 5680,6
 5681,6
 5682,7
 5683,5
 5684,6
 5685,7
 5686,7
 5687,8
 5688,6
 5689,7
 5690,8
 5691,8
 5692,9
 5693,7
 5694,8
 5695,9
 5696,9
 5697,10
 5698,8
 5699,9
 5700,10
 5701,6
 5702,7
 5703,5
 5704,6
 5705,7
 5706,7
 5707,8
 5708,6
 5709,7
 5710,8
 5711,8
 5712,9
 5713,7
 5714,8
 5715,9
 5716,9
 5717,10
 5718,8
 5719,9
 5720,10
 5721,10
 5722,11
 5723,9
 5724,10
 5725,11
 5726,7
 5727,8
 5728,6
 5729,7
 5730,8
 5731,8
 5732,9
 5733,7
 5734,8
 5735,9
 5736,9
 5737,10
 5738,8
 5739,9
 5740,10
 5741,10
 5742,11
 5743,9
 5744,10
 5745,11
 5746,11
 5747,12
 5748,10
 5749,11
 5750,12
 5751,3
 5752,4
 5753,2
 5754,3
 5755,4
 5756,4
 5757,5
 5758,3
 5759,4
 5760,5
 5761,5
 5762,6
 5763,4
 5764,5
 5765,6
 5766,6
 5767,7
 5768,5
 5769,6
 5770,7
 5771,7
 5772,8
 5773,6
 5774,7
 5775,8
 5776,4
 5777,5
 5778,3
 5779,4
 5780,5
 5781,5
 5782,6
 5783,4
 5784,5
 5785,6
 5786,6
 5787,7
 5788,5
 5789,6
 5790,7
 5791,7
 5792,8
 5793,6
 5794,7
 5795,8
 5796,8
 5797,9
 5798,7
 5799,8
 5800,9
 5801,5
 5802,6
 5803,4
 5804,5
 5805,6
 5806,6
 5807,7
 5808,5
 5809,6
 5810,7
 5811,7
 5812,8
 5813,6
 5814,7
 5815,8
 5816,8
 5817,9
 5818,7
 5819,8
 5820,9
 5821,9
 5822,10
 5823,8
 5824,9
 5825,10
 5826,6
 5827,7
 5828,5
 5829,6
 5830,7
 5831,7
 5832,8
 5833,6
 5834,7
 5835,8
 5836,8
 5837,9
 5838,7
 5839,8
 5840,9
 5841,9
 5842,10
 5843,8
 5844,9
 5845,10
 5846,10
 5847,11
 5848,9
 5849,10
 5850,11
 5851,7
 5852,8
 5853,6
 5854,7
 5855,8
 5856,8
 5857,9
 5858,7
 5859,8
 5860,9
 5861,9
 5862,10
 5863,8
 5864,9
 5865,10
 5866,10
 5867,11
 5868,9
 5869,10
 5870,11
 5871,11
 5872,12
 5873,10
 5874,11
 5875,12
 5876,3
 5877,4
 5878,2
 5879,3
 5880,4
 5881,4
 5882,5
 5883,3
 5884,4
 5885,5
 5886,5
 5887,6
 5888,4
 5889,5
 5890,6
 5891,6
 5892,7
 5893,5
 5894,6
 5895,7
 5896,7
 5897,8
 5898,6
 5899,7
 5900,8
 5901,4
 5902,5
 5903,3
 5904,4
 5905,5
 5906,5
 5907,6
 5908,4
 5909,5
 5910,6
 5911,6
 5912,7
 5913,5
 5914,6
 5915,7
 5916,7
 5917,8
 5918,6
 5919,7
 5920,8
 5921,8
 5922,9
 5923,7
 5924,8
 5925,9
 5926,5
 5927,6
 5928,4
 5929,5
 5930,6
 5931,6
 5932,7
 5933,5
 5934,6
 5935,7
 5936,7
 5937,8
 5938,6
 5939,7
 5940,8
 5941,8
 5942,9
 5943,7
 5944,8
 5945,9
 5946,9
 5947,10
 5948,8
 5949,9
 5950,10
 5951,6
 5952,7
 5953,5
 5954,6
 5955,7
 5956,7
 5957,8
 5958,6
 5959,7
 5960,8
 5961,8
 5962,9
 5963,7
 5964,8
 5965,9
 5966,9
 5967,10
 5968,8
 5969,9
 5970,10
 5971,10
 5972,11
 5973,9
 5974,10
 5975,11
 5976,7
 5977,8
 5978,6
 5979,7
 5980,8
 5981,8
 5982,9
 5983,7
 5984,8
 5985,9
 5986,9
 5987,10
 5988,8
 5989,9
 5990,10
 5991,10
 5992,11
 5993,9
 5994,10
 5995,11
 5996,11
 5997,12
 5998,10
 5999,11
 6000,12
 6001,3
 6002,4
 6003,2
 6004,3
 6005,4
 6006,4
 6007,5
 6008,3
 6009,4
 6010,5
 6011,5
 6012,6
 6013,4
 6014,5
 6015,6
 6016,6
 6017,7
 6018,5
 6019,6
 6020,7
 6021,7
 6022,8
 6023,6
 6024,7
 6025,8
 6026,4
 6027,5
 6028,3
 6029,4
 6030,5
 6031,5
 6032,6
 6033,4
 6034,5
 6035,6
 6036,6
 6037,7
 6038,5
 6039,6
 6040,7
 6041,7
 6042,8
 6043,6
 6044,7
 6045,8
 6046,8
 6047,9
 6048,7
 6049,8
 6050,9
 6051,5
 6052,6
 6053,4
 6054,5
 6055,6
 6056,6
 6057,7
 6058,5
 6059,6
 6060,7
 6061,7
 6062,8
 6063,6
 6064,7
 6065,8
 6066,8
 6067,9
 6068,7
 6069,8
 6070,9
 6071,9
 6072,10
 6073,8
 6074,9
 6075,10
 6076,6
 6077,7
 6078,5
 6079,6
 6080,7
 6081,7
 6082,8
 6083,6
 6084,7
 6085,8
 6086,8
 6087,9
 6088,7
 6089,8
 6090,9
 6091,9
 6092,10
 6093,8
 6094,9
 6095,10
 6096,10
 6097,11
 6098,9
 6099,10
 6100,11
 6101,7
 6102,8
 6103,6
 6104,7
 6105,8
 6106,8
 6107,9
 6108,7
 6109,8
 6110,9
 6111,9
 6112,10
 6113,8
 6114,9
 6115,10
 6116,10
 6117,11
 6118,9
 6119,10
 6120,11
 6121,11
 6122,12
 6123,10
 6124,11
 6125,12
 6126,3
 6127,4
 6128,2
 6129,3
 6130,4
 6131,4
 6132,5
 6133,3
 6134,4
 6135,5
 6136,5
 6137,6
 6138,4
 6139,5
 6140,6
 6141,6
 6142,7
 6143,5
 6144,6
 6145,7
 6146,7
 6147,8
 6148,6
 6149,7
 6150,8
 6151,4
 6152,5
 6153,3
 6154,4
 6155,5
 6156,5
 6157,6
 6158,4
 6159,5
 6160,6
 6161,6
 6162,7
 6163,5
 6164,6
 6165,7
 6166,7
 6167,8
 6168,6
 6169,7
 6170,8
 6171,8
 6172,9
 6173,7
 6174,8
 6175,9
 6176,5
 6177,6
 6178,4
 6179,5
 6180,6
 6181,6
 6182,7
 6183,5
 6184,6
 6185,7
 6186,7
 6187,8
 6188,6
 6189,7
 6190,8
 6191,8
 6192,9
 6193,7
 6194,8
 6195,9
 6196,9
 6197,10
 6198,8
 6199,9
 6200,10
 6201,6
 6202,7
 6203,5
 6204,6
 6205,7
 6206,7
 6207,8
 6208,6
 6209,7
 6210,8
 6211,8
 6212,9
 6213,7
 6214,8
 6215,9
 6216,9
 6217,10
 6218,8
 6219,9
 6220,10
 6221,10
 6222,11
 6223,9
 6224,10
 6225,11
 6226,7
 6227,8
 6228,6
 6229,7
 6230,8
 6231,8
 6232,9
 6233,7
 6234,8
 6235,9
 6236,9
 6237,10
 6238,8
 6239,9
 6240,10
 6241,10
 6242,11
 6243,9
 6244,10
 6245,11
 6246,11
 6247,12
 6248,10
 6249,11
 6250,12
 6251,3
 6252,4
 6253,2
 6254,3
 6255,4
 6256,4
 6257,5
 6258,3
 6259,4
 6260,5
 6261,5
 6262,6
 6263,4
 6264,5
 6265,6
 6266,6
 6267,7
 6268,5
 6269,6
 6270,7
 6271,7
 6272,8
 6273,6
 6274,7
 6275,8
 6276,4
 6277,5
 6278,3
 6279,4
 6280,5
 6281,5
 6282,6
 6283,4
 6284,5
 6285,6
 6286,6
 6287,7
 6288,5
 6289,6
 6290,7
 6291,7
 6292,8
 6293,6
 6294,7
 6295,8
 6296,8
 6297,9
 6298,7
 6299,8
 6300,9
 6301,5
 6302,6
 6303,4
 6304,5
 6305,6
 6306,6
 6307,7
 6308,5
 6309,6
 6310,7
 6311,7
 6312,8
 6313,6
 6314,7
 6315,8
 6316,8
 6317,9
 6318,7
 6319,8
 6320,9
 6321,9
 6322,10
 6323,8
 6324,9
 6325,10
 6326,6
 6327,7
 6328,5
 6329,6
 6330,7
 6331,7
 6332,8
 6333,6
 6334,7
 6335,8
 6336,8
 6337,9
 6338,7
 6339,8
 6340,9
 6341,9
 6342,10
 6343,8
 6344,9
 6345,10
 6346,10
 6347,11
 6348,9
 6349,10
 6350,11
 6351,7
 6352,8
 6353,6
 6354,7
 6355,8
 6356,8
 6357,9
 6358,7
 6359,8
 6360,9
 6361,9
 6362,10
 6363,8
 6364,9
 6365,10
 6366,10
 6367,11
 6368,9
 6369,10
 6370,11
 6371,11
 6372,12
 6373,10
 6374,11
 6375,12
 6376,3
 6377,4
 6378,2
 6379,3
 6380,4
 6381,4
 6382,5
 6383,3
 6384,4
 6385,5
 6386,5
 6387,6
 6388,4
 6389,5
 6390,6
 6391,6
 6392,7
 6393,5
 6394,6
 6395,7
 6396,7
 6397,8
 6398,6
 6399,7
 6400,8
 6401,4
 6402,5
 6403,3
 6404,4
 6405,5
 6406,5
 6407,6
 6408,4
 6409,5
 6410,6
 6411,6
 6412,7
 6413,5
 6414,6
 6415,7
 6416,7
 6417,8
 6418,6
 6419,7
 6420,8
 6421,8
 6422,9
 6423,7
 6424,8
 6425,9
 6426,5
 6427,6
 6428,4
 6429,5
 6430,6
 6431,6
 6432,7
 6433,5
 6434,6
 6435,7
 6436,7
 6437,8
 6438,6
 6439,7
 6440,8
 6441,8
 6442,9
 6443,7
 6444,8
 6445,9
 6446,9
 6447,10
 6448,8
 6449,9
 6450,10
 6451,6
 6452,7
 6453,5
 6454,6
 6455,7
 6456,7
 6457,8
 6458,6
 6459,7
 6460,8
 6461,8
 6462,9
 6463,7
 6464,8
 6465,9
 6466,9
 6467,10
 6468,8
 6469,9
 6470,10
 6471,10
 6472,11
 6473,9
 6474,10
 6475,11
 6476,7
 6477,8
 6478,6
 6479,7
 6480,8
 6481,8
 6482,9
 6483,7
 6484,8
 6485,9
 6486,9
 6487,10
 6488,8
 6489,9
 6490,10
 6491,10
 6492,11
 6493,9
 6494,10
 6495,11
 6496,11
 6497,12
 6498,10
 6499,11
 6500,12
 6501,3
 6502,4
 6503,2
 6504,3
 6505,4
 6506,4
 6507,5
 6508,3
 6509,4
 6510,5
 6511,5
 6512,6
 6513,4
 6514,5
 6515,6
 6516,6
 6517,7
 6518,5
 6519,6
 6520,7
 6521,7
 6522,8
 6523,6
 6524,7
 6525,8
 6526,4
 6527,5
 6528,3
 6529,4
 6530,5
 6531,5
 6532,6
 6533,4
 6534,5
 6535,6
 6536,6
 6537,7
 6538,5
 6539,6
 6540,7
 6541,7
 6542,8
 6543,6
 6544,7
 6545,8
 6546,8
 6547,9
 6548,7
 6549,8
 6550,9
 6551,5
 6552,6
 6553,4
 6554,5
 6555,6
 6556,6
 6557,7
 6558,5
 6559,6
 6560,7
 6561,7
 6562,8
 6563,6
 6564,7
 6565,8
 6566,8
 6567,9
 6568,7
 6569,8
 6570,9
 6571,9
 6572,10
 6573,8
 6574,9
 6575,10
 6576,6
 6577,7
 6578,5
 6579,6
 6580,7
 6581,7
 6582,8
 6583,6
 6584,7
 6585,8
 6586,8
 6587,9
 6588,7
 6589,8
 6590,9
 6591,9
 6592,10
 6593,8
 6594,9
 6595,10
 6596,10
 6597,11
 6598,9
 6599,10
 6600,11
 6601,7
 6602,8
 6603,6
 6604,7
 6605,8
 6606,8
 6607,9
 6608,7
 6609,8
 6610,9
 6611,9
 6612,10
 6613,8
 6614,9
 6615,10
 6616,10
 6617,11
 6618,9
 6619,10
 6620,11
 6621,11
 6622,12
 6623,10
 6624,11
 6625,12
 6626,3
 6627,4
 6628,2
 6629,3
 6630,4
 6631,4
 6632,5
 6633,3
 6634,4
 6635,5
 6636,5
 6637,6
 6638,4
 6639,5
 6640,6
 6641,6
 6642,7
 6643,5
 6644,6
 6645,7
 6646,7
 6647,8
 6648,6
 6649,7
 6650,8
 6651,4
 6652,5
 6653,3
 6654,4
 6655,5
 6656,5
 6657,6
 6658,4
 6659,5
 6660,6
 6661,6
 6662,7
 6663,5
 6664,6
 6665,7
 6666,7
 6667,8
 6668,6
 6669,7
 6670,8
 6671,8
 6672,9
 6673,7
 6674,8
 6675,9
 6676,5
 6677,6
 6678,4
 6679,5
 6680,6
 6681,6
 6682,7
 6683,5
 6684,6
 6685,7
 6686,7
 6687,8
 6688,6
 6689,7
 6690,8
 6691,8
 6692,9
 6693,7
 6694,8
 6695,9
 6696,9
 6697,10
 6698,8
 6699,9
 6700,10
 6701,6
 6702,7
 6703,5
 6704,6
 6705,7
 6706,7
 6707,8
 6708,6
 6709,7
 6710,8
 6711,8
 6712,9
 6713,7
 6714,8
 6715,9
 6716,9
 6717,10
 6718,8
 6719,9
 6720,10
 6721,10
 6722,11
 6723,9
 6724,10
 6725,11
 6726,7
 6727,8
 6728,6
 6729,7
 6730,8
 6731,8
 6732,9
 6733,7
 6734,8
 6735,9
 6736,9
 6737,10
 6738,8
 6739,9
 6740,10
 6741,10
 6742,11
 6743,9
 6744,10
 6745,11
 6746,11
 6747,12
 6748,10
 6749,11
 6750,12
 6751,3
 6752,4
 6753,2
 6754,3
 6755,4
 6756,4
 6757,5
 6758,3
 6759,4
 6760,5
 6761,5
 6762,6
 6763,4
 6764,5
 6765,6
 6766,6
 6767,7
 6768,5
 6769,6
 6770,7
 6771,7
 6772,8
 6773,6
 6774,7
 6775,8
 6776,4
 6777,5
 6778,3
 6779,4
 6780,5
 6781,5
 6782,6
 6783,4
 6784,5
 6785,6
 6786,6
 6787,7
 6788,5
 6789,6
 6790,7
 6791,7
 6792,8
 6793,6
 6794,7
 6795,8
 6796,8
 6797,9
 6798,7
 6799,8
 6800,9
 6801,5
 6802,6
 6803,4
 6804,5
 6805,6
 6806,6
 6807,7
 6808,5
 6809,6
 6810,7
 6811,7
 6812,8
 6813,6
 6814,7
 6815,8
 6816,8
 6817,9
 6818,7
 6819,8
 6820,9
 6821,9
 6822,10
 6823,8
 6824,9
 6825,10
 6826,6
 6827,7
 6828,5
 6829,6
 6830,7
 6831,7
 6832,8
 6833,6
 6834,7
 6835,8
 6836,8
 6837,9
 6838,7
 6839,8
 6840,9
 6841,9
 6842,10
 6843,8
 6844,9
 6845,10
 6846,10
 6847,11
 6848,9
 6849,10
 6850,11
 6851,7
 6852,8
 6853,6
 6854,7
 6855,8
 6856,8
 6857,9
 6858,7
 6859,8
 6860,9
 6861,9
 6862,10
 6863,8
 6864,9
 6865,10
 6866,10
 6867,11
 6868,9
 6869,10
 6870,11
 6871,11
 6872,12
 6873,10
 6874,11
 6875,12
 6876,3
 6877,4
 6878,2
 6879,3
 6880,4
 6881,4
 6882,5
 6883,3
 6884,4
 6885,5
 6886,5
 6887,6
 6888,4
 6889,5
 6890,6
 6891,6
 6892,7
 6893,5
 6894,6
 6895,7
 6896,7
 6897,8
 6898,6
 6899,7
 6900,8
 6901,4
 6902,5
 6903,3
 6904,4
 6905,5
 6906,5
 6907,6
 6908,4
 6909,5
 6910,6
 6911,6
 6912,7
 6913,5
 6914,6
 6915,7
 6916,7
 6917,8
 6918,6
 6919,7
 6920,8
 6921,8
 6922,9
 6923,7
 6924,8
 6925,9
 6926,5
 6927,6
 6928,4
 6929,5
 6930,6
 6931,6
 6932,7
 6933,5
 6934,6
 6935,7
 6936,7
 6937,8
 6938,6
 6939,7
 6940,8
 6941,8
 6942,9
 6943,7
 6944,8
 6945,9
 6946,9
 6947,10
 6948,8
 6949,9
 6950,10
 6951,6
 6952,7
 6953,5
 6954,6
 6955,7
 6956,7
 6957,8
 6958,6
 6959,7
 6960,8
 6961,8
 6962,9
 6963,7
 6964,8
 6965,9
 6966,9
 6967,10
 6968,8
 6969,9
 6970,10
 6971,10
 6972,11
 6973,9
 6974,10
 6975,11
 6976,7
 6977,8
 6978,6
 6979,7
 6980,8
 6981,8
 6982,9
 6983,7
 6984,8
 6985,9
 6986,9
 6987,10
 6988,8
 6989,9
 6990,10
 6991,10
 6992,11
 6993,9
 6994,10
 6995,11
 6996,11
 6997,12
 6998,10
 6999,11
 7000,12
 7001,3
 7002,4
 7003,2
 7004,3
 7005,4
 7006,4
 7007,5
 7008,3
 7009,4
 7010,5
 7011,5
 7012,6
 7013,4
 7014,5
 7015,6
 7016,6
 7017,7
 7018,5
 7019,6
 7020,7
 7021,7
 7022,8
 7023,6
 7024,7
 7025,8
 7026,4
 7027,5
 7028,3
 7029,4
 7030,5
 7031,5
 7032,6
 7033,4
 7034,5
 7035,6
 7036,6
 7037,7
 7038,5
 7039,6
 7040,7
 7041,7
 7042,8
 7043,6
 7044,7
 7045,8
 7046,8
 7047,9
 7048,7
 7049,8
 7050,9
 7051,5
 7052,6
 7053,4
 7054,5
 7055,6
 7056,6
 7057,7
 7058,5
 7059,6
 7060,7
 7061,7
 7062,8
 7063,6
 7064,7
 7065,8
 7066,8
 7067,9
 7068,7
 7069,8
 7070,9
 7071,9
 7072,10
 7073,8
 7074,9
 7075,10
 7076,6
 7077,7
 7078,5
 7079,6
 7080,7
 7081,7
 7082,8
 7083,6
 7084,7
 7085,8
 7086,8
 7087,9
 7088,7
 7089,8
 7090,9
 7091,9
 7092,10
 7093,8
 7094,9
 7095,10
 7096,10
 7097,11
 7098,9
 7099,10
 7100,11
 7101,7
 7102,8
 7103,6
 7104,7
 7105,8
 7106,8
 7107,9
 7108,7
 7109,8
 7110,9
 7111,9
 7112,10
 7113,8
 7114,9
 7115,10
 7116,10
 7117,11
 7118,9
 7119,10
 7120,11
 7121,11
 7122,12
 7123,10
 7124,11
 7125,12
 7126,3
 7127,4
 7128,2
 7129,3
 7130,4
 7131,4
 7132,5
 7133,3
 7134,4
 7135,5
 7136,5
 7137,6
 7138,4
 7139,5
 7140,6
 7141,6
 7142,7
 7143,5
 7144,6
 7145,7
 7146,7
 7147,8
 7148,6
 7149,7
 7150,8
 7151,4
 7152,5
 7153,3
 7154,4
 7155,5
 7156,5
 7157,6
 7158,4
 7159,5
 7160,6
 7161,6
 7162,7
 7163,5
 7164,6
 7165,7
 7166,7
 7167,8
 7168,6
 7169,7
 7170,8
 7171,8
 7172,9
 7173,7
 7174,8
 7175,9
 7176,5
 7177,6
 7178,4
 7179,5
 7180,6
 7181,6
 7182,7
 7183,5
 7184,6
 7185,7
 7186,7
 7187,8
 7188,6
 7189,7
 7190,8
 7191,8
 7192,9
 7193,7
 7194,8
 7195,9
 7196,9
 7197,10
 7198,8
 7199,9
 7200,10
 7201,6
 7202,7
 7203,5
 7204,6
 7205,7
 7206,7
 7207,8
 7208,6
 7209,7
 7210,8
 7211,8
 7212,9
 7213,7
 7214,8
 7215,9
 7216,9
 7217,10
 7218,8
 7219,9
 7220,10
 7221,10
 7222,11
 7223,9
 7224,10
 7225,11
 7226,7
 7227,8
 7228,6
 7229,7
 7230,8
 7231,8
 7232,9
 7233,7
 7234,8
 7235,9
 7236,9
 7237,10
 7238,8
 7239,9
 7240,10
 7241,10
 7242,11
 7243,9
 7244,10
 7245,11
 7246,11
 7247,12
 7248,10
 7249,11
 7250,12
 7251,3
 7252,4
 7253,2
 7254,3
 7255,4
 7256,4
 7257,5
 7258,3
 7259,4
 7260,5
 7261,5
 7262,6
 7263,4
 7264,5
 7265,6
 7266,6
 7267,7
 7268,5
 7269,6
 7270,7
 7271,7
 7272,8
 7273,6
 7274,7
 7275,8
 7276,4
 7277,5
 7278,3
 7279,4
 7280,5
 7281,5
 7282,6
 7283,4
 7284,5
 7285,6
 7286,6
 7287,7
 7288,5
 7289,6
 7290,7
 7291,7
 7292,8
 7293,6
 7294,7
 7295,8
 7296,8
 7297,9
 7298,7
 7299,8
 7300,9
 7301,5
 7302,6
 7303,4
 7304,5
 7305,6
 7306,6
 7307,7
 7308,5
 7309,6
 7310,7
 7311,7
 7312,8
 7313,6
 7314,7
 7315,8
 7316,8
 7317,9
 7318,7
 7319,8
 7320,9
 7321,9
 7322,10
 7323,8
 7324,9
 7325,10
 7326,6
 7327,7
 7328,5
 7329,6
 7330,7
 7331,7
 7332,8
 7333,6
 7334,7
 7335,8
 7336,8
 7337,9
 7338,7
 7339,8
 7340,9
 7341,9
 7342,10
 7343,8
 7344,9
 7345,10
 7346,10
 7347,11
 7348,9
 7349,10
 7350,11
 7351,7
 7352,8
 7353,6
 7354,7
 7355,8
 7356,8
 7357,9
 7358,7
 7359,8
 7360,9
 7361,9
 7362,10
 7363,8
 7364,9
 7365,10
 7366,10
 7367,11
 7368,9
 7369,10
 7370,11
 7371,11
 7372,12
 7373,10
 7374,11
 7375,12
 7376,3
 7377,4
 7378,2
 7379,3
 7380,4
 7381,4
 7382,5
 7383,3
 7384,4
 7385,5
 7386,5
 7387,6
 7388,4
 7389,5
 7390,6
 7391,6
 7392,7
 7393,5
 7394,6
 7395,7
 7396,7
 7397,8
 7398,6
 7399,7
 7400,8
 7401,4
 7402,5
 7403,3
 7404,4
 7405,5
 7406,5
 7407,6
 7408,4
 7409,5
 7410,6
 7411,6
 7412,7
 7413,5
 7414,6
 7415,7
 7416,7
 7417,8
 7418,6
 7419,7
 7420,8
 7421,8
 7422,9
 7423,7
 7424,8
 7425,9
 7426,5
 7427,6
 7428,4
 7429,5
 7430,6
 7431,6
 7432,7
 7433,5
 7434,6
 7435,7
 7436,7
 7437,8
 7438,6
 7439,7
 7440,8
 7441,8
 7442,9
 7443,7
 7444,8
 7445,9
 7446,9
 7447,10
 7448,8
 7449,9
 7450,10
 7451,6
 7452,7
 7453,5
 7454,6
 7455,7
 7456,7
 7457,8
 7458,6
 7459,7
 7460,8
 7461,8
 7462,9
 7463,7
 7464,8
 7465,9
 7466,9
 7467,10
 7468,8
 7469,9
 7470,10
 7471,10
 7472,11
 7473,9
 7474,10
 7475,11
 7476,7
 7477,8
 7478,6
 7479,7
 7480,8
 7481,8
 7482,9
 7483,7
 7484,8
 7485,9
 7486,9
 7487,10
 7488,8
 7489,9
 7490,10
 7491,10
 7492,11
 7493,9
 7494,10
 7495,11
 7496,11
 7497,12
 7498,10
 7499,11
 7500,12
 7501,3
 7502,4
 7503,2
 7504,3
 7505,4
 7506,4
 7507,5
 7508,3
 7509,4
 7510,5
 7511,5
 7512,6
 7513,4
 7514,5
 7515,6
 7516,6
 7517,7
 7518,5
 7519,6
 7520,7
 7521,7
 7522,8
 7523,6
 7524,7
 7525,8
 7526,4
 7527,5
 7528,3
 7529,4
 7530,5
 7531,5
 7532,6
 7533,4
 7534,5
 7535,6
 7536,6
 7537,7
 7538,5
 7539,6
 7540,7
 7541,7
 7542,8
 7543,6
 7544,7
 7545,8
 7546,8
 7547,9
 7548,7
 7549,8
 7550,9
 7551,5
 7552,6
 7553,4
 7554,5
 7555,6
 7556,6
 7557,7
 7558,5
 7559,6
 7560,7
 7561,7
 7562,8
 7563,6
 7564,7
 7565,8
 7566,8
 7567,9
 7568,7
 7569,8
 7570,9
 7571,9
 7572,10
 7573,8
 7574,9
 7575,10
 7576,6
 7577,7
 7578,5
 7579,6
 7580,7
 7581,7
 7582,8
 7583,6
 7584,7
 7585,8
 7586,8
 7587,9
 7588,7
 7589,8
 7590,9
 7591,9
 7592,10
 7593,8
 7594,9
 7595,10
 7596,10
 7597,11
 7598,9
 7599,10
 7600,11
 7601,7
 7602,8
 7603,6
 7604,7
 7605,8
 7606,8
 7607,9
 7608,7
 7609,8
 7610,9
 7611,9
 7612,10
 7613,8
 7614,9
 7615,10
 7616,10
 7617,11
 7618,9
 7619,10
 7620,11
 7621,11
 7622,12
 7623,10
 7624,11
 7625,12
 7626,3
 7627,4
 7628,2
 7629,3
 7630,4
 7631,4
 7632,5
 7633,3
 7634,4
 7635,5
 7636,5
 7637,6
 7638,4
 7639,5
 7640,6
 7641,6
 7642,7
 7643,5
 7644,6
 7645,7
 7646,7
 7647,8
 7648,6
 7649,7
 7650,8
 7651,4
 7652,5
 7653,3
 7654,4
 7655,5
 7656,5
 7657,6
 7658,4
 7659,5
 7660,6
 7661,6
 7662,7
 7663,5
 7664,6
 7665,7
 7666,7
 7667,8
 7668,6
 7669,7
 7670,8
 7671,8
 7672,9
 7673,7
 7674,8
 7675,9
 7676,5
 7677,6
 7678,4
 7679,5
 7680,6
 7681,6
 7682,7
 7683,5
 7684,6
 7685,7
 7686,7
 7687,8
 7688,6
 7689,7
 7690,8
 7691,8
 7692,9
 7693,7
 7694,8
 7695,9
 7696,9
 7697,10
 7698,8
 7699,9
 7700,10
 7701,6
 7702,7
 7703,5
 7704,6
 7705,7
 7706,7
 7707,8
 7708,6
 7709,7
 7710,8
 7711,8
 7712,9
 7713,7
 7714,8
 7715,9
 7716,9
 7717,10
 7718,8
 7719,9
 7720,10
 7721,10
 7722,11
 7723,9
 7724,10
 7725,11
 7726,7
 7727,8
 7728,6
 7729,7
 7730,8
 7731,8
 7732,9
 7733,7
 7734,8
 7735,9
 7736,9
 7737,10
 7738,8
 7739,9
 7740,10
 7741,10
 7742,11
 7743,9
 7744,10
 7745,11
 7746,11
 7747,12
 7748,10
 7749,11
 7750,12
 7751,3
 7752,4
 7753,2
 7754,3
 7755,4
 7756,4
 7757,5
 7758,3
 7759,4
 7760,5
 7761,5
 7762,6
 7763,4
 7764,5
 7765,6
 7766,6
 7767,7
 7768,5
 7769,6
 7770,7
 7771,7
 7772,8
 7773,6
 7774,7
 7775,8
 7776,4
 7777,5
 7778,3
 7779,4
 7780,5
 7781,5
 7782,6
 7783,4
 7784,5
 7785,6
 7786,6
 7787,7
 7788,5
 7789,6
 7790,7
 7791,7
 7792,8
 7793,6
 7794,7
 7795,8
 7796,8
 7797,9
 7798,7
 7799,8
 7800,9
 7801,5
 7802,6
 7803,4
 7804,5
 7805,6
 7806,6
 7807,7
 7808,5
 7809,6
 7810,7
 7811,7
 7812,8
 7813,6
 7814,7
 7815,8
 7816,8
 7817,9
 7818,7
 7819,8
 7820,9
 7821,9
 7822,10
 7823,8
 7824,9
 7825,10
 7826,6
 7827,7
 7828,5
 7829,6
 7830,7
 7831,7
 7832,8
 7833,6
 7834,7
 7835,8
 7836,8
 7837,9
 7838,7
 7839,8
 7840,9
 7841,9
 7842,10
 7843,8
 7844,9
 7845,10
 7846,10
 7847,11
 7848,9
 7849,10
 7850,11
 7851,7
 7852,8
 7853,6
 7854,7
 7855,8
 7856,8
 7857,9
 7858,7
 7859,8
 7860,9
 7861,9
 7862,10
 7863,8
 7864,9
 7865,10
 7866,10
 7867,11
 7868,9
 7869,10
 7870,11
 7871,11
 7872,12
 7873,10
 7874,11
 7875,12
 7876,3
 7877,4
 7878,2
 7879,3
 7880,4
 7881,4
 7882,5
 7883,3
 7884,4
 7885,5
 7886,5
 7887,6
 7888,4
 7889,5
 7890,6
 7891,6
 7892,7
 7893,5
 7894,6
 7895,7
 7896,7
 7897,8
 7898,6
 7899,7
 7900,8
 7901,4
 7902,5
 7903,3
 7904,4
 7905,5
 7906,5
 7907,6
 7908,4
 7909,5
 7910,6
 7911,6
 7912,7
 7913,5
 7914,6
 7915,7
 7916,7
 7917,8
 7918,6
 7919,7
 7920,8
 7921,8
 7922,9
 7923,7
 7924,8
 7925,9
 7926,5
 7927,6
 7928,4
 7929,5
 7930,6
 7931,6
 7932,7
 7933,5
 7934,6
 7935,7
 7936,7
 7937,8
 7938,6
 7939,7
 7940,8
 7941,8
 7942,9
 7943,7
 7944,8
 7945,9
 7946,9
 7947,10
 7948,8
 7949,9
 7950,10
 7951,6
 7952,7
 7953,5
 7954,6
 7955,7
 7956,7
 7957,8
 7958,6
 7959,7
 7960,8
 7961,8
 7962,9
 7963,7
 7964,8
 7965,9
 7966,9
 7967,10
 7968,8
 7969,9
 7970,10
 7971,10
 7972,11
 7973,9
 7974,10
 7975,11
 7976,7
 7977,8
 7978,6
 7979,7
 7980,8
 7981,8
 7982,9
 7983,7
 7984,8
 7985,9
 7986,9
 7987,10
 7988,8
 7989,9
 7990,10
 7991,10
 7992,11
 7993,9
 7994,10
 7995,11
 7996,11
 7997,12
 7998,10
 7999,11
 8000,12
 8001,3
 8002,4
 8003,2
 8004,3
 8005,4
 8006,4
 8007,5
 8008,3
 8009,4
 8010,5
 8011,5
 8012,6
 8013,4
 8014,5
 8015,6
 8016,6
 8017,7
 8018,5
 8019,6
 8020,7
 8021,7
 8022,8
 8023,6
 8024,7
 8025,8
 8026,4
 8027,5
 8028,3
 8029,4
 8030,5
 8031,5
 8032,6
 8033,4
 8034,5
 8035,6
 8036,6
 8037,7
 8038,5
 8039,6
 8040,7
 8041,7
 8042,8
 8043,6
 8044,7
 8045,8
 8046,8
 8047,9
 8048,7
 8049,8
 8050,9
 8051,5
 8052,6
 8053,4
 8054,5
 8055,6
 8056,6
 8057,7
 8058,5
 8059,6
 8060,7
 8061,7
 8062,8
 8063,6
 8064,7
 8065,8
 8066,8
 8067,9
 8068,7
 8069,8
 8070,9
 8071,9
 8072,10
 8073,8
 8074,9
 8075,10
 8076,6
 8077,7
 8078,5
 8079,6
 8080,7
 8081,7
 8082,8
 8083,6
 8084,7
 8085,8
 8086,8
 8087,9
 8088,7
 8089,8
 8090,9
 8091,9
 8092,10
 8093,8
 8094,9
 8095,10
 8096,10
 8097,11
 8098,9
 8099,10
 8100,11
 8101,7
 8102,8
 8103,6
 8104,7
 8105,8
 8106,8
 8107,9
 8108,7
 8109,8
 8110,9
 8111,9
 8112,10
 8113,8
 8114,9
 8115,10
 8116,10
 8117,11
 8118,9
 8119,10
 8120,11
 8121,11
 8122,12
 8123,10
 8124,11
 8125,12
 8126,3
 8127,4
 8128,2
 8129,3
 8130,4
 8131,4
 8132,5
 8133,3
 8134,4
 8135,5
 8136,5
 8137,6
 8138,4
 8139,5
 8140,6
 8141,6
 8142,7
 8143,5
 8144,6
 8145,7
 8146,7
 8147,8
 8148,6
 8149,7
 8150,8
 8151,4
 8152,5
 8153,3
 8154,4
 8155,5
 8156,5
 8157,6
 8158,4
 8159,5
 8160,6
 8161,6
 8162,7
 8163,5
 8164,6
 8165,7
 8166,7
 8167,8
 8168,6
 8169,7
 8170,8
 8171,8
 8172,9
 8173,7
 8174,8
 8175,9
 8176,5
 8177,6
 8178,4
 8179,5
 8180,6
 8181,6
 8182,7
 8183,5
 8184,6
 8185,7
 8186,7
 8187,8
 8188,6
 8189,7
 8190,8
 8191,8
 8192,9
 8193,7
 8194,8
 8195,9
 8196,9
 8197,10
 8198,8
 8199,9
 8200,10
 8201,6
 8202,7
 8203,5
 8204,6
 8205,7
 8206,7
 8207,8
 8208,6
 8209,7
 8210,8
 8211,8
 8212,9
 8213,7
 8214,8
 8215,9
 8216,9
 8217,10
 8218,8
 8219,9
 8220,10
 8221,10
 8222,11
 8223,9
 8224,10
 8225,11
 8226,7
 8227,8
 8228,6
 8229,7
 8230,8
 8231,8
 8232,9
 8233,7
 8234,8
 8235,9
 8236,9
 8237,10
 8238,8
 8239,9
 8240,10
 8241,10
 8242,11
 8243,9
 8244,10
 8245,11
 8246,11
 8247,12
 8248,10
 8249,11
 8250,12
 8251,3
 8252,4
 8253,2
 8254,3
 8255,4
 8256,4
 8257,5
 8258,3
 8259,4
 8260,5
 8261,5
 8262,6
 8263,4
 8264,5
 8265,6
 8266,6
 8267,7
 8268,5
 8269,6
 8270,7
 8271,7
 8272,8
 8273,6
 8274,7
 8275,8
 8276,4
 8277,5
 8278,3
 8279,4
 8280,5
 8281,5
 8282,6
 8283,4
 8284,5
 8285,6
 8286,6
 8287,7
 8288,5
 8289,6
 8290,7
 8291,7
 8292,8
 8293,6
 8294,7
 8295,8
 8296,8
 8297,9
 8298,7
 8299,8
 8300,9
 8301,5
 8302,6
 8303,4
 8304,5
 8305,6
 8306,6
 8307,7
 8308,5
 8309,6
 8310,7
 8311,7
 8312,8
 8313,6
 8314,7
 8315,8
 8316,8
 8317,9
 8318,7
 8319,8
 8320,9
 8321,9
 8322,10
 8323,8
 8324,9
 8325,10
 8326,6
 8327,7
 8328,5
 8329,6
 8330,7
 8331,7
 8332,8
 8333,6
 8334,7
 8335,8
 8336,8
 8337,9
 8338,7
 8339,8
 8340,9
 8341,9
 8342,10
 8343,8
 8344,9
 8345,10
 8346,10
 8347,11
 8348,9
 8349,10
 8350,11
 8351,7
 8352,8
 8353,6
 8354,7
 8355,8
 8356,8
 8357,9
 8358,7
 8359,8
 8360,9
 8361,9
 8362,10
 8363,8
 8364,9
 8365,10
 8366,10
 8367,11
 8368,9
 8369,10
 8370,11
 8371,11
 8372,12
 8373,10
 8374,11
 8375,12
 8376,3
 8377,4
 8378,2
 8379,3
 8380,4
 8381,4
 8382,5
 8383,3
 8384,4
 8385,5
 8386,5
 8387,6
 8388,4
 8389,5
 8390,6
 8391,6
 8392,7
 8393,5
 8394,6
 8395,7
 8396,7
 8397,8
 8398,6
 8399,7
 8400,8
 8401,4
 8402,5
 8403,3
 8404,4
 8405,5
 8406,5
 8407,6
 8408,4
 8409,5
 8410,6
 8411,6
 8412,7
 8413,5
 8414,6
 8415,7
 8416,7
 8417,8
 8418,6
 8419,7
 8420,8
 8421,8
 8422,9
 8423,7
 8424,8
 8425,9
 8426,5
 8427,6
 8428,4
 8429,5
 8430,6
 8431,6
 8432,7
 8433,5
 8434,6
 8435,7
 8436,7
 8437,8
 8438,6
 8439,7
 8440,8
 8441,8
 8442,9
 8443,7
 8444,8
 8445,9
 8446,9
 8447,10
 8448,8
 8449,9
 8450,10
 8451,6
 8452,7
 8453,5
 8454,6
 8455,7
 8456,7
 8457,8
 8458,6
 8459,7
 8460,8
 8461,8
 8462,9
 8463,7
 8464,8
 8465,9
 8466,9
 8467,10
 8468,8
 8469,9
 8470,10
 8471,10
 8472,11
 8473,9
 8474,10
 8475,11
 8476,7
 8477,8
 8478,6
 8479,7
 8480,8
 8481,8
 8482,9
 8483,7
 8484,8
 8485,9
 8486,9
 8487,10
 8488,8
 8489,9
 8490,10
 8491,10
 8492,11
 8493,9
 8494,10
 8495,11
 8496,11
 8497,12
 8498,10
 8499,11
 8500,12
 8501,3
 8502,4
 8503,2
 8504,3
 8505,4
 8506,4
 8507,5
 8508,3
 8509,4
 8510,5
 8511,5
 8512,6
 8513,4
 8514,5
 8515,6
 8516,6
 8517,7
 8518,5
 8519,6
 8520,7
 8521,7
 8522,8
 8523,6
 8524,7
 8525,8
 8526,4
 8527,5
 8528,3
 8529,4
 8530,5
 8531,5
 8532,6
 8533,4
 8534,5
 8535,6
 8536,6
 8537,7
 8538,5
 8539,6
 8540,7
 8541,7
 8542,8
 8543,6
 8544,7
 8545,8
 8546,8
 8547,9
 8548,7
 8549,8
 8550,9
 8551,5
 8552,6
 8553,4
 8554,5
 8555,6
 8556,6
 8557,7
 8558,5
 8559,6
 8560,7
 8561,7
 8562,8
 8563,6
 8564,7
 8565,8
 8566,8
 8567,9
 8568,7
 8569,8
 8570,9
 8571,9
 8572,10
 8573,8
 8574,9
 8575,10
 8576,6
 8577,7
 8578,5
 8579,6
 8580,7
 8581,7
 8582,8
 8583,6
 8584,7
 8585,8
 8586,8
 8587,9
 8588,7
 8589,8
 8590,9
 8591,9
 8592,10
 8593,8
 8594,9
 8595,10
 8596,10
 8597,11
 8598,9
 8599,10
 8600,11
 8601,7
 8602,8
 8603,6
 8604,7
 8605,8
 8606,8
 8607,9
 8608,7
 8609,8
 8610,9
 8611,9
 8612,10
 8613,8
 8614,9
 8615,10
 8616,10
 8617,11
 8618,9
 8619,10
 8620,11
 8621,11
 8622,12
 8623,10
 8624,11
 8625,12
 8626,3
 8627,4
 8628,2
 8629,3
 8630,4
 8631,4
 8632,5
 8633,3
 8634,4
 8635,5
 8636,5
 8637,6
 8638,4
 8639,5
 8640,6
 8641,6
 8642,7
 8643,5
 8644,6
 8645,7
 8646,7
 8647,8
 8648,6
 8649,7
 8650,8
 8651,4
 8652,5
 8653,3
 8654,4
 8655,5
 8656,5
 8657,6
 8658,4
 8659,5
 8660,6
 8661,6
 8662,7
 8663,5
 8664,6
 8665,7
 8666,7
 8667,8
 8668,6
 8669,7
 8670,8
 8671,8
 8672,9
 8673,7
 8674,8
 8675,9
 8676,5
 8677,6
 8678,4
 8679,5
 8680,6
 8681,6
 8682,7
 8683,5
 8684,6
 8685,7
 8686,7
 8687,8
 8688,6
 8689,7
 8690,8
 8691,8
 8692,9
 8693,7
 8694,8
 8695,9
 8696,9
 8697,10
 8698,8
 8699,9
 8700,10
 8701,6
 8702,7
 8703,5
 8704,6
 8705,7
 8706,7
 8707,8
 8708,6
 8709,7
 8710,8
 8711,8
 8712,9
 8713,7
 8714,8
 8715,9
 8716,9
 8717,10
 8718,8
 8719,9
 8720,10
 8721,10
 8722,11
 8723,9
 8724,10
 8725,11
 8726,7
 8727,8
 8728,6
 8729,7
 8730,8
 8731,8
 8732,9
 8733,7
 8734,8
 8735,9
 8736,9
 8737,10
 8738,8
 8739,9
 8740,10
 8741,10
 8742,11
 8743,9
 8744,10
 8745,11
 8746,11
 8747,12
 8748,10
 8749,11
 8750,12
 8751,3
 8752,4
 8753,2
 8754,3
 8755,4
 8756,4
 8757,5
 8758,3
 8759,4
 8760,5
 8761,5
 8762,6
 8763,4
 8764,5
 8765,6
 8766,6
 8767,7
 8768,5
 8769,6
 8770,7
 8771,7
 8772,8
 8773,6
 8774,7
 8775,8
 8776,4
 8777,5
 8778,3
 8779,4
 8780,5
 8781,5
 8782,6
 8783,4
 8784,5
 8785,6
 8786,6
 8787,7
 8788,5
 8789,6
 8790,7
 8791,7
 8792,8
 8793,6
 8794,7
 8795,8
 8796,8
 8797,9
 8798,7
 8799,8
 8800,9
 8801,5
 8802,6
 8803,4
 8804,5
 8805,6
 8806,6
 8807,7
 8808,5
 8809,6
 8810,7
 8811,7
 8812,8
 8813,6
 8814,7
 8815,8
 8816,8
 8817,9
 8818,7
 8819,8
 8820,9
 8821,9
 8822,10
 8823,8
 8824,9
 8825,10
 8826,6
 8827,7
 8828,5
 8829,6
 8830,7
 8831,7
 8832,8
 8833,6
 8834,7
 8835,8
 8836,8
 8837,9
 8838,7
 8839,8
 8840,9
 8841,9
 8842,10
 8843,8
 8844,9
 8845,10
 8846,10
 8847,11
 8848,9
 8849,10
 8850,11
 8851,7
 8852,8
 8853,6
 8854,7
 8855,8
 8856,8
 8857,9
 8858,7
 8859,8
 8860,9
 8861,9
 8862,10
 8863,8
 8864,9
 8865,10
 8866,10
 8867,11
 8868,9
 8869,10
 8870,11
 8871,11
 8872,12
 8873,10
 8874,11
 8875,12
 8876,3
 8877,4
 8878,2
 8879,3
 8880,4
 8881,4
 8882,5
 8883,3
 8884,4
 8885,5
 8886,5
 8887,6
 8888,4
 8889,5
 8890,6
 8891,6
 8892,7
 8893,5
 8894,6
 8895,7
 8896,7
 8897,8
 8898,6
 8899,7
 8900,8
 8901,4
 8902,5
 8903,3
 8904,4
 8905,5
 8906,5
 8907,6
 8908,4
 8909,5
 8910,6
 8911,6
 8912,7
 8913,5
 8914,6
 8915,7
 8916,7
 8917,8
 8918,6
 8919,7
 8920,8
 8921,8
 8922,9
 8923,7
 8924,8
 8925,9
 8926,5
 8927,6
 8928,4
 8929,5
 8930,6
 8931,6
 8932,7
 8933,5
 8934,6
 8935,7
 8936,7
 8937,8
 8938,6
 8939,7
 8940,8
 8941,8
 8942,9
 8943,7
 8944,8
 8945,9
 8946,9
 8947,10
 8948,8
 8949,9
 8950,10
 8951,6
 8952,7
 8953,5
 8954,6
 8955,7
 8956,7
 8957,8
 8958,6
 8959,7
 8960,8
 8961,8
 8962,9
 8963,7
 8964,8
 8965,9
 8966,9
 8967,10
 8968,8
 8969,9
 8970,10
 8971,10
 8972,11
 8973,9
 8974,10
 8975,11
 8976,7
 8977,8
 8978,6
 8979,7
 8980,8
 8981,8
 8982,9
 8983,7
 8984,8
 8985,9
 8986,9
 8987,10
 8988,8
 8989,9
 8990,10
 8991,10
 8992,11
 8993,9
 8994,10
 8995,11
 8996,11
 8997,12
 8998,10
 8999,11
 9000,12
 9001,3
 9002,4
 9003,2
 9004,3
 9005,4
 9006,4
 9007,5
 9008,3
 9009,4
 9010,5
 9011,5
 9012,6
 9013,4
 9014,5
 9015,6
 9016,6
 9017,7
 9018,5
 9019,6
 9020,7
 9021,7
 9022,8
 9023,6
 9024,7
 9025,8
 9026,4
 9027,5
 9028,3
 9029,4
 9030,5
 9031,5
 9032,6
 9033,4
 9034,5
 9035,6
 9036,6
 9037,7
 9038,5
 9039,6
 9040,7
 9041,7
 9042,8
 9043,6
 9044,7
 9045,8
 9046,8
 9047,9
 9048,7
 9049,8
 9050,9
 9051,5
 9052,6
 9053,4
 9054,5
 9055,6
 9056,6
 9057,7
 9058,5
 9059,6
 9060,7
 9061,7
 9062,8
 9063,6
 9064,7
 9065,8
 9066,8
 9067,9
 9068,7
 9069,8
 9070,9
 9071,9
 9072,10
 9073,8
 9074,9
 9075,10
 9076,6
 9077,7
 9078,5
 9079,6
 9080,7
 9081,7
 9082,8
 9083,6
 9084,7
 9085,8
 9086,8
 9087,9
 9088,7
 9089,8
 9090,9
 9091,9
 9092,10
 9093,8
 9094,9
 9095,10
 9096,10
 9097,11
 9098,9
 9099,10
 9100,11
 9101,7
 9102,8
 9103,6
 9104,7
 9105,8
 9106,8
 9107,9
 9108,7
 9109,8
 9110,9
 9111,9
 9112,10
 9113,8
 9114,9
 9115,10
 9116,10
 9117,11
 9118,9
 9119,10
 9120,11
 9121,11
 9122,12
 9123,10
 9124,11
 9125,12
 9126,3
 9127,4
 9128,2
 9129,3
 9130,4
 9131,4
 9132,5
 9133,3
 9134,4
 9135,5
 9136,5
 9137,6
 9138,4
 9139,5
 9140,6
 9141,6
 9142,7
 9143,5
 9144,6
 9145,7
 9146,7
 9147,8
 9148,6
 9149,7
 9150,8
 9151,4
 9152,5
 9153,3
 9154,4
 9155,5
 9156,5
 9157,6
 9158,4
 9159,5
 9160,6
 9161,6
 9162,7
 9163,5
 9164,6
 9165,7
 9166,7
 9167,8
 9168,6
 9169,7
 9170,8
 9171,8
 9172,9
 9173,7
 9174,8
 9175,9
 9176,5
 9177,6
 9178,4
 9179,5
 9180,6
 9181,6
 9182,7
 9183,5
 9184,6
 9185,7
 9186,7
 9187,8
 9188,6
 9189,7
 9190,8
 9191,8
 9192,9
 9193,7
 9194,8
 9195,9
 9196,9
 9197,10
 9198,8
 9199,9
 9200,10
 9201,6
 9202,7
 9203,5
 9204,6
 9205,7
 9206,7
 9207,8
 9208,6
 9209,7
 9210,8
 9211,8
 9212,9
 9213,7
 9214,8
 9215,9
 9216,9
 9217,10
 9218,8
 9219,9
 9220,10
 9221,10
 9222,11
 9223,9
 9224,10
 9225,11
 9226,7
 9227,8
 9228,6
 9229,7
 9230,8
 9231,8
 9232,9
 9233,7
 9234,8
 9235,9
 9236,9
 9237,10
 9238,8
 9239,9
 9240,10
 9241,10
 9242,11
 9243,9
 9244,10
 9245,11
 9246,11
 9247,12
 9248,10
 9249,11
 9250,12
 9251,3
 9252,4
 9253,2
 9254,3
 9255,4
 9256,4
 9257,5
 9258,3
 9259,4
 9260,5
 9261,5
 9262,6
 9263,4
 9264,5
 9265,6
 9266,6
 9267,7
 9268,5
 9269,6
 9270,7
 9271,7
 9272,8
 9273,6
 9274,7
 9275,8
 9276,4
 9277,5
 9278,3
 9279,4
 9280,5
 9281,5
 9282,6
 9283,4
 9284,5
 9285,6
 9286,6
 9287,7
 9288,5
 9289,6
 9290,7
 9291,7
 9292,8
 9293,6
 9294,7
 9295,8
 9296,8
 9297,9
 9298,7
 9299,8
 9300,9
 9301,5
 9302,6
 9303,4
 9304,5
 9305,6
 9306,6
 9307,7
 9308,5
 9309,6
 9310,7
 9311,7
 9312,8
 9313,6
 9314,7
 9315,8
 9316,8
 9317,9
 9318,7
 9319,8
 9320,9
 9321,9
 9322,10
 9323,8
 9324,9
 9325,10
 9326,6
 9327,7
 9328,5
 9329,6
 9330,7
 9331,7
 9332,8
 9333,6
 9334,7
 9335,8
 9336,8
 9337,9
 9338,7
 9339,8
 9340,9
 9341,9
 9342,10
 9343,8
 9344,9
 9345,10
 9346,10
 9347,11
 9348,9
 9349,10
 9350,11
 9351,7
 9352,8
 9353,6
 9354,7
 9355,8
 9356,8
 9357,9
 9358,7
 9359,8
 9360,9
 9361,9
 9362,10
 9363,8
 9364,9
 9365,10
 9366,10
 9367,11
 9368,9
 9369,10
 9370,11
 9371,11
 9372,12
 9373,10
 9374,11
 9375,12
 9376,3
 9377,4
 9378,2
 9379,3
 9380,4
 9381,4
 9382,5
 9383,3
 9384,4
 9385,5
 9386,5
 9387,6
 9388,4
 9389,5
 9390,6
 9391,6
 9392,7
 9393,5
 9394,6
 9395,7
 9396,7
 9397,8
 9398,6
 9399,7
 9400,8
 9401,4
 9402,5
 9403,3
 9404,4
 9405,5
 9406,5
 9407,6
 9408,4
 9409,5
 9410,6
 9411,6
 9412,7
 9413,5
 9414,6
 9415,7
 9416,7
 9417,8
 9418,6
 9419,7
 9420,8
 9421,8
 9422,9
 9423,7
 9424,8
 9425,9
 9426,5
 9427,6
 9428,4
 9429,5
 9430,6
 9431,6
 9432,7
 9433,5
 9434,6
 9435,7
 9436,7
 9437,8
 9438,6
 9439,7
 9440,8
 9441,8
 9442,9
 9443,7
 9444,8
 9445,9
 9446,9
 9447,10
 9448,8
 9449,9
 9450,10
 9451,6
 9452,7
 9453,5
 9454,6
 9455,7
 9456,7
 9457,8
 9458,6
 9459,7
 9460,8
 9461,8
 9462,9
 9463,7
 9464,8
 9465,9
 9466,9
 9467,10
 9468,8
 9469,9
 9470,10
 9471,10
 9472,11
 9473,9
 9474,10
 9475,11
 9476,7
 9477,8
 9478,6
 9479,7
 9480,8
 9481,8
 9482,9
 9483,7
 9484,8
 9485,9
 9486,9
 9487,10
 9488,8
 9489,9
 9490,10
 9491,10
 9492,11
 9493,9
 9494,10
 9495,11
 9496,11
 9497,12
 9498,10
 9499,11
 9500,12
 9501,3
 9502,4
 9503,2
 9504,3
 9505,4
 9506,4
 9507,5
 9508,3
 9509,4
 9510,5
 9511,5
 9512,6
 9513,4
 9514,5
 9515,6
 9516,6
 9517,7
 9518,5
 9519,6
 9520,7
 9521,7
 9522,8
 9523,6
 9524,7
 9525,8
 9526,4
 9527,5
 9528,3
 9529,4
 9530,5
 9531,5
 9532,6
 9533,4
 9534,5
 9535,6
 9536,6
 9537,7
 9538,5
 9539,6
 9540,7
 9541,7
 9542,8
 9543,6
 9544,7
 9545,8
 9546,8
 9547,9
 9548,7
 9549,8
 9550,9
 9551,5
 9552,6
 9553,4
 9554,5
 9555,6
 9556,6
 9557,7
 9558,5
 9559,6
 9560,7
 9561,7
 9562,8
 9563,6
 9564,7
 9565,8
 9566,8
 9567,9
 9568,7
 9569,8
 9570,9
 9571,9
 9572,10
 9573,8
 9574,9
 9575,10
 9576,6
 9577,7
 9578,5
 9579,6
 9580,7
 9581,7
 9582,8
 9583,6
 9584,7
 9585,8
 9586,8
 9587,9
 9588,7
 9589,8
 9590,9
 9591,9
 9592,10
 9593,8
 9594,9
 9595,10
 9596,10
 9597,11
 9598,9
 9599,10
 9600,11
 9601,7
 9602,8
 9603,6
 9604,7
 9605,8
 9606,8
 9607,9
 9608,7
 9609,8
 9610,9
 9611,9
 9612,10
 9613,8
 9614,9
 9615,10
 9616,10
 9617,11
 9618,9
 9619,10
 9620,11
 9621,11
 9622,12
 9623,10
 9624,11
 9625,12
 9626,3
 9627,4
 9628,2
 9629,3
 9630,4
 9631,4
 9632,5
 9633,3
 9634,4
 9635,5
 9636,5
 9637,6
 9638,4
 9639,5
 9640,6
 9641,6
 9642,7
 9643,5
 9644,6
 9645,7
 9646,7
 9647,8
 9648,6
 9649,7
 9650,8
 9651,4
 9652,5
 9653,3
 9654,4
 9655,5
 9656,5
 9657,6
 9658,4
 9659,5
 9660,6
 9661,6
 9662,7
 9663,5
 9664,6
 9665,7
 9666,7
 9667,8
 9668,6
 9669,7
 9670,8
 9671,8
 9672,9
 9673,7
 9674,8
 9675,9
 9676,5
 9677,6
 9678,4
 9679,5
 9680,6
 9681,6
 9682,7
 9683,5
 9684,6
 9685,7
 9686,7
 9687,8
 9688,6
 9689,7
 9690,8
 9691,8
 9692,9
 9693,7
 9694,8
 9695,9
 9696,9
 9697,10
 9698,8
 9699,9
 9700,10
 9701,6
 9702,7
 9703,5
 9704,6
 9705,7
 9706,7
 9707,8
 9708,6
 9709,7
 9710,8
 9711,8
 9712,9
 9713,7
 9714,8
 9715,9
 9716,9
 9717,10
 9718,8
 9719,9
 9720,10
 9721,10
 9722,11
 9723,9
 9724,10
 9725,11
 9726,7
 9727,8
 9728,6
 9729,7
 9730,8
 9731,8
 9732,9
 9733,7
 9734,8
 9735,9
 9736,9
 9737,10
 9738,8
 9739,9
 9740,10
 9741,10
 9742,11
 9743,9
 9744,10
 9745,11
 9746,11
 9747,12
 9748,10
 9749,11
 9750,12
 9751,3
 9752,4
 9753,2
 9754,3
 9755,4
 9756,4
 9757,5
 9758,3
 9759,4
 9760,5
 9761,5
 9762,6
 9763,4
 9764,5
 9765,6
 9766,6
 9767,7
 9768,5
 9769,6
 9770,7
 9771,7
 9772,8
 9773,6
 9774,7
 9775,8
 9776,4
 9777,5
 9778,3
 9779,4
 9780,5
 9781,5
 9782,6
 9783,4
 9784,5
 9785,6
 9786,6
 9787,7
 9788,5
 9789,6
 9790,7
 9791,7
 9792,8
 9793,6
 9794,7
 9795,8
 9796,8
 9797,9
 9798,7
 9799,8
 9800,9
 9801,5
 9802,6
 9803,4
 9804,5
 9805,6
 9806,6
 9807,7
 9808,5
 9809,6
 9810,7
 9811,7
 9812,8
 9813,6
 9814,7
 9815,8
 9816,8
 9817,9
 9818,7
 9819,8
 9820,9
 9821,9
 9822,10
 9823,8
 9824,9
 9825,10
 9826,6
 9827,7
 9828,5
 9829,6
 9830,7
 9831,7
 9832,8
 9833,6
 9834,7
 9835,8
 9836,8
 9837,9
 9838,7
 9839,8
 9840,9
 9841,9
 9842,10
 9843,8
 9844,9
 9845,10
 9846,10
 9847,11
 9848,9
 9849,10
 9850,11
 9851,7
 9852,8
 9853,6
 9854,7
 9855,8
 9856,8
 9857,9
 9858,7
 9859,8
 9860,9
 9861,9
 9862,10
 9863,8
 9864,9
 9865,10
 9866,10
 9867,11
 9868,9
 9869,10
 9870,11
 9871,11
 9872,12
 9873,10
 9874,11
 9875,12
 9876,3
 9877,4
 9878,2
 9879,3
 9880,4
 9881,4
 9882,5
 9883,3
 9884,4
 9885,5
 9886,5
 9887,6
 9888,4
 9889,5
 9890,6
 9891,6
 9892,7
 9893,5
 9894,6
 9895,7
 9896,7
 9897,8
 9898,6
 9899,7
 9900,8
 9901,4
 9902,5
 9903,3
 9904,4
 9905,5
 9906,5
 9907,6
 9908,4
 9909,5
 9910,6
 9911,6
 9912,7
 9913,5
 9914,6
 9915,7
 9916,7
 9917,8
 9918,6
 9919,7
 9920,8
 9921,8
 9922,9
 9923,7
 9924,8
 9925,9
 9926,5
 9927,6
 9928,4
 9929,5
 9930,6
 9931,6
 9932,7
 9933,5
 9934,6
 9935,7
 9936,7
 9937,8
 9938,6
 9939,7
 9940,8
 9941,8
 9942,9
 9943,7
 9944,8
 9945,9
 9946,9
 9947,10
 9948,8
 9949,9
 9950,10
 9951,6
 9952,7
 9953,5
 9954,6
 9955,7
 9956,7
 9957,8
 9958,6
 9959,7
 9960,8
 9961,8
 9962,9
 9963,7
 9964,8
 9965,9
 9966,9
 9967,10
 9968,8
 9969,9
 9970,10
 9971,10
 9972,11
 9973,9
 9974,10
 9975,11
 9976,7
 9977,8
 9978,6
 9979,7
 9980,8
 9981,8
 9982,9
 9983,7
 9984,8
 9985,9
 9986,9
 9987,10
 9988,8
 9989,9
 9990,10
 9991,10
 9992,11
 9993,9
 9994,10
 9995,11
 9996,11
 9997,12
 9998,10
 9999,11
 10000,12
