 1,3
 2,4
 3,2
 4,3
 5,4
 6,4
 7,5
 8,3
 9,4
 10,5
 11,5
 12,6
 13,4
 14,5
 15,6
 16,6
 17,7
 18,5
 19,6
 20,7
 21,7
 22,8
 23,6
 24,7
 25,8
 26,4
 27,5
 28,3
 29,4
 30,5
 31,5
 32,6
 33,4
 34,5
 35,6
 36,6
 37,7
 38,5
 39,6
 40,7
 41,7
 42,8
 43,6
 44,7
 45,8
 46,8
 47,9
 48,7
 49,8
 50,9
 51,5
 52,6
 53,4
 54,5
 55,6
 56,6
 57,7
 58,5
 59,6
 60,7
 61,7
 62,8
 63,6
 64,7
 65,8
 66,8
 67,9
 68,7
 69,8
 70,9
 71,9
 72,10
 73,8
 74,9
 75,10
 76,6
 77,7
 78,5
 79,6
 80,7
 81,7
 82,8
 83,6
 84,7
 85,8
 86,8
 87,9
 88,7
 89,8
 90,9
 91,9
 92,10
 93,8
 94,9
 95,10
 96,10
 97,11
 98,9
 99,10
 100,11
 101,7
 102,8
 103,6
 104,7
 105,8
 106,8
 107,9
 108,7
 109,8
 110,9
 111,9
 112,10
 113,8
 114,9
 115,10
 116,10
 117,11
 118,9
 119,10
 120,11
 121,11
 122,12
 123,10
 124,11
 125,12
 126,3
 127,4
 128,2
 129,3
 130,4
 131,4
 132,5
 133,3
 134,4
 135,5
 136,5
 137,6
 138,4
 139,5
 140,6
 141,6
 142,7
 143,5
 144,6
 145,7
 146,7
 147,8
 148,6
 149,7
 150,8
 151,4
 152,5
 153,3
 154,4
 155,5
 156,5
 157,6
 158,4
 159,5
 160,6
 161,6
 162,7
 163,5
 164,6
 165,7
 166,7
 167,8
 168,6
 169,7
 170,8
 171,8
 172,9
 173,7
 174,8
 175,9
 176,5
 177,6
 178,4
 179,5
 180,6
 181,6
 182,7
 183,5
 184,6
 185,7
 186,7
 187,8
 188,6
 189,7
 190,8
 191,8
 192,9
 193,7
 194,8
 195,9
 196,9
 197,10
 198,8
 199,9
 200,10
 201,6
 202,7
 203,5
 204,6
 205,7
 206,7
 207,8
 208,6
 209,7
 210,8
 211,8
 212,9
 213,7
 214,8
 215,9
 216,9
 217,10
 218,8
 219,9
 220,10
 221,10
 222,11
 223,9
 224,10
 225,11
 226,7
 227,8
 228,6
 229,7
 230,8
 231,8
 232,9
 233,7
 234,8
 235,9
 236,9
 237,10
 238,8
 239,9
 240,10
 241,10
 242,11
 243,9
 244,10
 245,11
 246,11
 247,12
 248,10
 249,11
 250,12
 251,3
 252,4
 253,2
 254,3
 255,4
 256,4
 257,5
 258,3
 259,4
 260,5
 261,5
 262,6
 263,4
 264,5
 265,6
 266,6
 267,7
 268,5
 269,6
 270,7
 271,7
 272,8
 273,6
 274,7
 275,8
 276,4
 277,5
 278,3
 279,4
 280,5
 281,5
 282,6
 283,4
 284,5
 285,6
 286,6
 287,7
 288,5
 289,6
 290,7
 291,7
 292,8
 293,6
 294,7
 295,8
 296,8
 297,9
 298,7
 299,8
 300,9
 301,5
 302,6
 303,4
 304,5
 305,6
 306,6
 307,7
 308,5
 309,6
 310,7
 311,7
 312,8
 313,6
 314,7
 315,8
 316,8
 317,9
 318,7
 319,8
 320,9
 321,9
 322,10
 323,8
 324,9
 325,10
 326,6
 327,7
 328,5
 329,6
 330,7
 331,7
 332,8
 333,6
 334,7
 335,8
 336,8
 337,9
 338,7
 339,8
 340,9
 341,9
 342,10
 343,8
 344,9
 345,10
 346,10
 347,11
 348,9
 349,10
 350,11
 351,7
 352,8
 353,6
 354,7
 355,8
 356,8
 357,9
 358,7
 359,8
 360,9
 361,9
 362,10
 363,8
 364,9
 365,10
 366,10
 367,11
 368,9
 369,10
 370,11
 371,11
 372,12
 373,10
 374,11
 375,12
 376,3
 377,4
 378,2
 379,3
 380,4
 381,4
 382,5
 383,3
 384,4
 385,5
 386,5
 387,6
 388,4
 389,5
 390,6
 391,6
 392,7
 393,5
 394,6
 395,7
 396,7
 397,8
 398,6
 399,7
 400,8
 401,4
 402,5
 403,3
 404,4
 405,5
 406,5
 407,6
 408,4
 409,5
 410,6
 411,6
 412,7
 413,5
 414,6
 415,7
 416,7
 417,8
 418,6
 419,7
 420,8
 421,8
 422,9
 423,7
 424,8
 425,9
 426,5
 427,6
 428,4
 429,5
 430,6
 431,6
 432,7
 433,5
 434,6
 435,7
 436,7
 437,8
 438,6
 439,7
 440,8
 441,8
 442,9
 443,7
 444,8
 445,9
 446,9
 447,10
 448,8
 449,9
 450,10
 451,6
 452,7
 453,5
 454,6
 455,7
 456,7
 457,8
 458,6
 459,7
 460,8
 461,8
 462,9
 463,7
 464,8
 465,9
 466,9
 467,10
 468,8
 469,9
 470,10
 471,10
 472,11
 473,9
 474,10
 475,11
 476,7
 477,8
 478,6
 479,7
 480,8
 481,8
 482,9
 483,7
 484,8
 485,9
 486,9
 487,10
 488,8
 489,9
 490,10
 491,10
 492,11
 493,9
 494,10
 495,11
 496,11
 497,12
 498,10
 499,11
 500,12
 501,3
 502,4
 503,2
 504,3
 505,4
 506,4
 507,5
 508,3
 509,4
 510,5
 511,5
 512,6
 513,4
 514,5
 515,6
 516,6
 517,7
 518,5
 519,6
 520,7
 521,7
 522,8
 523,6
 524,7
 525,8
 526,4
 527,5
 528,3
 529,4
 530,5
 531,5
 532,6
 533,4
 534,5
 535,6
 536,6
 537,7
 538,5
 539,6
 540,7
 541,7
 542,8
 543,6
 544,7
 545,8
 546,8
 547,9
 548,7
 549,8
 550,9
 551,5
 552,6
 553,4
 554,5
 555,6
 556,6
 557,7
 558,5
 559,6
 560,7
 561,7
 562,8
 563,6
 564,7
 565,8
 566,8
 567,9
 568,7
 569,8
 570,9
 571,9
 572,10
 573,8
 574,9
 575,10
 576,6
 577,7
 578,5
 579,6
 580,7
 581,7
 582,8
 583,6
 584,7
 585,8
 586,8
 587,9
 588,7
 589,8
 590,9
 591,9
 592,10
 593,8
 594,9
 595,10
 596,10
 597,11
 598,9
 599,10
 600,11
 601,7
 602,8
 603,6
 604,7
 605,8
 606,8
 607,9
 608,7
 609,8
 610,9
 611,9
 612,10
 613,8
 614,9
 615,10
 616,10
 617,11
 618,9
 619,10
 620,11
 621,11
 622,12
 623,10
 624,11
 625,12
 626,3
 627,4
 628,2
 629,3
 630,4
 631,4
 632,5
 633,3
 634,4
 635,5
 636,5
 637,6
 638,4
 639,5
 640,6
 641,6
 642,7
 643,5
 644,6
 645,7
 646,7
 647,8
 648,6
 649,7
 650,8
 651,4
 652,5
 653,3
 654,4
 655,5
 656,5
 657,6
 658,4
 659,5
 660,6
 661,6
 662,7
 663,5
 664,6
 665,7
 666,7
 667,8
 668,6
 669,7
 670,8
 671,8
 672,9
 673,7
 674,8
 675,9
 676,5
 677,6
 678,4
 679,5
 680,6
 681,6
 682,7
 683,5
 684,6
 685,7
 686,7
 687,8
 688,6
 689,7
 690,8
 691,8
 692,9
 693,7
 694,8
 695,9
 696,9
 697,10
 698,8
 699,9
 700,10
 701,6
 702,7
 703,5
 704,6
 705,7
 706,7
 707,8
 708,6
 709,7
 710,8
 711,8
 712,9
 713,7
 714,8
 715,9
 716,9
 717,10
 718,8
 719,9
 720,10
 721,10
 722,11
 723,9
 724,10
 725,11
 726,7
 727,8
 728,6
 729,7
 730,8
 731,8
 732,9
 733,7
 734,8
 735,9
 736,9
 737,10
 738,8
 739,9
 740,10
 741,10
 742,11
 743,9
 744,10
 745,11
 746,11
 747,12
 748,10
 749,11
 750,12
 751,3
 752,4
 753,2
 754,3
 755,4
 756,4
 757,5
 758,3
 759,4
 760,5
 761,5
 762,6
 763,4
 764,5
 765,6
 766,6
 767,7
 768,5
 769,6
 770,7
 771,7
 772,8
 773,6
 774,7
 775,8
 776,4
 777,5
 778,3
 779,4
 780,5
 781,5
 782,6
 783,4
 784,5
 785,6
 786,6
 787,7
 788,5
 789,6
 790,7
 791,7
 792,8
 793,6
 794,7
 795,8
 796,8
 797,9
 798,7
 799,8
 800,9
 801,5
 802,6
 803,4
 804,5
 805,6
 806,6
 807,7
 808,5
 809,6
 810,7
 811,7
 812,8
 813,6
 814,7
 815,8
 816,8
 817,9
 818,7
 819,8
 820,9
 821,9
 822,10
 823,8
 824,9
 825,10
 826,6
 827,7
 828,5
 829,6
 830,7
 831,7
 832,8
 833,6
 834,7
 835,8
 836,8
 837,9
 838,7
 839,8
 840,9
 841,9
 842,10
 843,8
 844,9
 845,10
 846,10
 847,11
 848,9
 849,10
 850,11
 851,7
 852,8
 853,6
 854,7
 855,8
 856,8
 857,9
 858,7
 859,8
 860,9
 861,9
 862,10
 863,8
 864,9
 865,10
 866,10
 867,11
 868,9
 869,10
 870,11
 871,11
 872,12
 873,10
 874,11
 875,12
 876,3
 877,4
 878,2
 879,3
 880,4
 881,4
 882,5
 883,3
 884,4
 885,5
 886,5
 887,6
 888,4
 889,5
 890,6
 891,6
 892,7
 893,5
 894,6
 895,7
 896,7
 897,8
 898,6
 899,7
 900,8
 901,4
 902,5
 903,3
 904,4
 905,5
 906,5
 907,6
 908,4
 909,5
 910,6
 911,6
 912,7
 913,5
 914,6
 915,7
 916,7
 917,8
 918,6
 919,7
 920,8
 921,8
 922,9
 923,7
 924,8
 925,9
 926,5
 927,6
 928,4
 929,5
 930,6
 931,6
 932,7
 933,5
 934,6
 935,7
 936,7
 937,8
 938,6
 939,7
 940,8
 941,8
 942,9
 943,7
 944,8
 945,9
 946,9
 947,10
 948,8
 949,9
 950,10
 951,6
 952,7
 953,5
 954,6
 955,7
 956,7
 957,8
 958,6
 959,7
 960,8
 961,8
 962,9
 963,7
 964,8
 965,9
 966,9
 967,10
 968,8
 969,9
 970,10
 971,10
 972,11
 973,9
 974,10
 975,11
 976,7
 977,8
 978,6
 979,7
 980,8
 981,8
 982,9
 983,7
 984,8
 985,9
 986,9
 987,10
 988,8
 989,9
 990,10
 991,10
 992,11
 993,9
 994,10
 995,11
 996,11
 997,12
 998,10
 999,11
 1000,12
 1001,3
 1002,4
 1003,2
 1004,3
 1005,4
 1006,4
 1007,5
 1008,3
 1009,4
 1010,5
 1011,5
 1012,6
 1013,4
 1014,5
 1015,6
 1016,6
 1017,7
 1018,5
 1019,6
 1020,7
 1021,7
 1022,8
 1023,6
 1024,7
 1025,8
 1026,4
 1027,5
 1028,3
 1029,4
 1030,5
 1031,5
 1032,6
 1033,4
 1034,5
 1035,6
 1036,6
 1037,7
 1038,5
 1039,6
 1040,7
 1041,7
 1042,8
 1043,6
 1044,7
 1045,8
 1046,8
 1047,9
 1048,7
 1049,8
 1050,9
 1051,5
 1052,6
 1053,4
 1054,5
 1055,6
 1056,6
 1057,7
 1058,5
 1059,6
 1060,7
 1061,7
 1062,8
 1063,6
 1064,7
 1065,8
 1066,8
 1067,9
 1068,7
 1069,8
 1070,9
 1071,9
 1072,10
 1073,8
 1074,9
 1075,10
 1076,6
 1077,7
 1078,5
 1079,6
 1080,7
 1081,7
 1082,8
 1083,6
 1084,7
 1085,8
 1086,8
 1087,9
 1088,7
 1089,8
 1090,9
 1091,9
 1092,10
 1093,8
 1094,9
 1095,10
 1096,10
 1097,11
 1098,9
 1099,10
 1100,11
 1101,7
 1102,8
 1103,6
 1104,7
 1105,8
 1106,8
 1107,9
 1108,7
 1109,8
 1110,9
 1111,9
 1112,10
 1113,8
 1114,9
 1115,10
 1116,10
 1117,11
 1118,9
 1119,10
 1120,11
 1121,11
 1122,12
 1123,10
 1124,11
 1125,12
 1126,3
 1127,4
 1128,2
 1129,3
 1130,4
 1131,4
 1132,5
 1133,3
 1134,4
 1135,5
 1136,5
 1137,6
 1138,4
 1139,5
 1140,6
 1141,6
 1142,7
 1143,5
 1144,6
 1145,7
 1146,7
 1147,8
 1148,6
 1149,7
 1150,8
 1151,4
 1152,5
 1153,3
 1154,4
 1155,5
 1156,5
 1157,6
 1158,4
 1159,5
 1160,6
 1161,6
 1162,7
 1163,5
 1164,6
 1165,7
 1166,7
 1167,8
 1168,6
 1169,7
 1170,8
 1171,8
 1172,9
 1173,7
 1174,8
 1175,9
 1176,5
 1177,6
 1178,4
 1179,5
 1180,6
 1181,6
 1182,7
 1183,5
 1184,6
 1185,7
 1186,7
 1187,8
 1188,6
 1189,7
 1190,8
 1191,8
 1192,9
 1193,7
 1194,8
 1195,9
 1196,9
 1197,10
 1198,8
 1199,9
 1200,10
 1201,6
 1202,7
 1203,5
 1204,6
 1205,7
 1206,7
 1207,8
 1208,6
 1209,7
 1210,8
 1211,8
 1212,9
 1213,7
 1214,8
 1215,9
 1216,9
 1217,10
 1218,8
 1219,9
 1220,10
 1221,10
 1222,11
 1223,9
 1224,10
 1225,11
 1226,7
 1227,8
 1228,6
 1229,7
 1230,8
 1231,8
 1232,9
 1233,7
 1234,8
 1235,9
 1236,9
 1237,10
 1238,8
 1239,9
 1240,10
 1241,10
 1242,11
 1243,9
 1244,10
 1245,11
 1246,11
 1247,12
 1248,10
 1249,11
 1250,12
 1251,3
 1252,4
 1253,2
 1254,3
 1255,4
 1256,4
 1257,5
 1258,3
 1259,4
 1260,5
 1261,5
 1262,6
 1263,4
 1264,5
 1265,6
 1266,6
 1267,7
 1268,5
 1269,6
 1270,7
 1271,7
 1272,8
 1273,6
 1274,7
 1275,8
 1276,4
 1277,5
 1278,3
 1279,4
 1280,5
 1281,5
 1282,6
 1283,4
 1284,5
 1285,6
 1286,6
 1287,7
 1288,5
 1289,6
 1290,7
 1291,7
 1292,8
 1293,6
 1294,7
 1295,8
 1296,8
 1297,9
 1298,7
 1299,8
 1300,9
 1301,5
 1302,6
 1303,4
 1304,5
 1305,6
 1306,6
 1307,7
 1308,5
 1309,6
 1310,7
 1311,7
 1312,8
 1313,6
 1314,7
 1315,8
 1316,8
 1317,9
 1318,7
 1319,8
 1320,9
 1321,9
 1322,10
 1323,8
 1324,9
 1325,10
 1326,6
 1327,7
 1328,5
 1329,6
 1330,7
 1331,7
 1332,8
 1333,6
 1334,7
 1335,8
 1336,8
 1337,9
 1338,7
 1339,8
 1340,9
 1341,9
 1342,10
 1343,8
 1344,9
 1345,10
 1346,10
 1347,11
 1348,9
 1349,10
 1350,11
 1351,7
 1352,8
 1353,6
 1354,7
 1355,8
 1356,8
 1357,9
 1358,7
 1359,8
 1360,9
 1361,9
 1362,10
 1363,8
 1364,9
 1365,10
 1366,10
 1367,11
 1368,9
 1369,10
 1370,11
 1371,11
 1372,12
 1373,10
 1374,11
 1375,12
 1376,3
 1377,4
 1378,2
 1379,3
 1380,4
 1381,4
 1382,5
 1383,3
 1384,4
 1385,5
 1386,5
 1387,6
 1388,4
 1389,5
 1390,6
 1391,6
 1392,7
 1393,5
 1394,6
 1395,7
 1396,7
 1397,8
 1398,6
 1399,7
 1400,8
 1401,4
 1402,5
 1403,3
 1404,4
 1405,5
 1406,5
 1407,6
 1408,4
 1409,5
 1410,6
 1411,6
 1412,7
 1413,5
 1414,6
 1415,7
 1416,7
 1417,8
 1418,6
 1419,7
 1420,8
 1421,8
 1422,9
 1423,7
 1424,8
 1425,9
 1426,5
 1427,6
 1428,4
 1429,5
 1430,6
 1431,6
 1432,7
 1433,5
 1434,6
 1435,7
 1436,7
 1437,8
 1438,6
 1439,7
 1440,8
 1441,8
 1442,9
 1443,7
 1444,8
 1445,9
 1446,9
 1447,10
 1448,8
 1449,9
 1450,10
 1451,6
 1452,7
 1453,5
 1454,6
 1455,7
 1456,7
 1457,8
 1458,6
 1459,7
 1460,8
 1461,8
 1462,9
 1463,7
 1464,8
 1465,9
 1466,9
 1467,10
 1468,8
 1469,9
 1470,10
 1471,10
 1472,11
 1473,9
 1474,10
 1475,11
 1476,7
 1477,8
 1478,6
 1479,7
 1480,8
 1481,8
 1482,9
 1483,7
 1484,8
 1485,9
 1486,9
 1487,10
 1488,8
 1489,9
 1490,10
 1491,10
 1492,11
 1493,9
 1494,10
 1495,11
 1496,11
 1497,12
 1498,10
 1499,11
 1500,12
 1501,3
 1502,4
 1503,2
 1504,3
 1505,4
 1506,4
 1507,5
 1508,3
 1509,4
 1510,5
 1511,5
 1512,6
 1513,4
 1514,5
 1515,6
 1516,6
 1517,7
 1518,5
 1519,6
 1520,7
 1521,7
 1522,8
 1523,6
 1524,7
 1525,8
 1526,4
 1527,5
 1528,3
 1529,4
 1530,5
 1531,5
 1532,6
 1533,4
 1534,5
 1535,6
 1536,6
 1537,7
 1538,5
 1539,6
 1540,7
 1541,7
 1542,8
 1543,6
 1544,7
 1545,8
 1546,8
 1547,9
 1548,7
 1549,8
 1550,9
 1551,5
 1552,6
 1553,4
 1554,5
 1555,6
 1556,6
 1557,7
 1558,5
 1559,6
 1560,7
 1561,7
 1562,8
 1563,6
 1564,7
 1565,8
 1566,8
 1567,9
 1568,7
 1569,8
 1570,9
 1571,9
 1572,10
 1573,8
 1574,9
 1575,10
 1576,6
 1577,7
 1578,5
 1579,6
 1580,7
 1581,7
 1582,8
 1583,6
 1584,7
 1585,8
 1586,8
 1587,9
 1588,7
 1589,8
 1590,9
 1591,9
 1592,10
 1593,8
 1594,9
 1595,10
 1596,10
 1597,11
 1598,9
 1599,10
 1600,11
 1601,7
 1602,8
 1603,6
 1604,7
 1605,8
 1606,8
 1607,9
 1608,7
 1609,8
 1610,9
 1611,9
 1612,10
 1613,8
 1614,9
 1615,10
 1616,10
 1617,11
 1618,9
 1619,10
 1620,11
 1621,11
 1622,12
 1623,10
 1624,11
 1625,12
 1626,3
 1627,4
 1628,2
 1629,3
 1630,4
 1631,4
 1632,5
 1633,3
 1634,4
 1635,5
 1636,5
 1637,6
 1638,4
 1639,5
 1640,6
 1641,6
 1642,7
 1643,5
 1644,6
 1645,7
 1646,7
 1647,8
 1648,6
 1649,7
 1650,8
 1651,4
 1652,5
 1653,3
 1654,4
 1655,5
 1656,5
 1657,6
 1658,4
 1659,5
 1660,6
 1661,6
 1662,7
 1663,5
 1664,6
 1665,7
 1666,7
 1667,8
 1668,6
 1669,7
 1670,8
 1671,8
 1672,9
 1673,7
 1674,8
 1675,9
 1676,5
 1677,6
 1678,4
 1679,5
 1680,6
 1681,6
 1682,7
 1683,5
 1684,6
 1685,7
 1686,7
 1687,8
 1688,6
 1689,7
 1690,8
 1691,8
 1692,9
 1693,7
 1694,8
 1695,9
 1696,9
 1697,10
 1698,8
 1699,9
 1700,10
 1701,6
 1702,7
 1703,5
 1704,6
 1705,7
 1706,7
 1707,8
 1708,6
 1709,7
 1710,8
 1711,8
 1712,9
 1713,7
 1714,8
 1715,9
 1716,9
 1717,10
 1718,8
 1719,9
 1720,10
 1721,10
 1722,11
 1723,9
 1724,10
 1725,11
 1726,7
 1727,8
 1728,6
 1729,7
 1730,8
 1731,8
 1732,9
 1733,7
 1734,8
 1735,9
 1736,9
 1737,10
 1738,8
 1739,9
 1740,10
 1741,10
 1742,11
 1743,9
 1744,10
 1745,11
 1746,11
 1747,12
 1748,10
 1749,11
 1750,12
 1751,3
 1752,4
 1753,2
 1754,3
 1755,4
 1756,4
 1757,5
 1758,3
 1759,4
 1760,5
 1761,5
 1762,6
 1763,4
 1764,5
 1765,6
 1766,6
 1767,7
 1768,5
 1769,6
 1770,7
 1771,7
 1772,8
 1773,6
 1774,7
 1775,8
 1776,4
 1777,5
 1778,3
 1779,4
 1780,5
 1781,5
 1782,6
 1783,4
 1784,5
 1785,6
 1786,6
 1787,7
 1788,5
 1789,6
 1790,7
 1791,7
 1792,8
 1793,6
 1794,7
 1795,8
 1796,8
 1797,9
 1798,7
 1799,8
 1800,9
 1801,5
 1802,6
 1803,4
 1804,5
 1805,6
 1806,6
 1807,7
 1808,5
 1809,6
 1810,7
 1811,7
 1812,8
 1813,6
 1814,7
 1815,8
 1816,8
 1817,9
 1818,7
 1819,8
 1820,9
 1821,9
 1822,10
 1823,8
 1824,9
 1825,10
 1826,6
 1827,7
 1828,5
 1829,6
 1830,7
 1831,7
 1832,8
 1833,6
 1834,7
 1835,8
 1836,8
 1837,9
 1838,7
 1839,8
 1840,9
 1841,9
 1842,10
 1843,8
 1844,9
 1845,10
 1846,10
 1847,11
 1848,9
 1849,10
 1850,11
 1851,7
 1852,8
 1853,6
 1854,7
 1855,8
 1856,8
 1857,9
 1858,7
 1859,8
 1860,9
 1861,9
 1862,10
 1863,8
 1864,9
 1865,10
 1866,10
 1867,11
 1868,9
 1869,10
 1870,11
 1871,11
 1872,12
 1873,10
 1874,11
 1875,12
 1876,3
 1877,4
 1878,2
 1879,3
 1880,4
 1881,4
 1882,5
 1883,3
 1884,4
 1885,5
 1886,5
 1887,6
 1888,4
 1889,5
 1890,6
 1891,6
 1892,7
 1893,5
 1894,6
 1895,7
 1896,7
 1897,8
 1898,6
 1899,7
 1900,8
 1901,4
 1902,5
 1903,3
 1904,4
 1905,5
 1906,5
 1907,6
 1908,4
 1909,5
 1910,6
 1911,6
 1912,7
 1913,5
 1914,6
 1915,7
 1916,7
 1917,8
 1918,6
 1919,7
 1920,8
 1921,8
 1922,9
 1923,7
 1924,8
 1925,9
 1926,5
 1927,6
 1928,4
 1929,5
 1930,6
 1931,6
 1932,7
 1933,5
 1934,6
 1935,7
 1936,7
 1937,8
 1938,6
 1939,7
 1940,8
 1941,8
 1942,9
 1943,7
 1944,8
 1945,9
 1946,9
 1947,10
 1948,8
 1949,9
 1950,10
 1951,6
 1952,7
 1953,5
 1954,6
 1955,7
 1956,7
 1957,8
 1958,6
 1959,7
 1960,8
 1961,8
 1962,9
 1963,7
 1964,8
 1965,9
 1966,9
 1967,10
 1968,8
 1969,9
 1970,10
 1971,10
 1972,11
 1973,9
 1974,10
 1975,11
 1976,7
 1977,8
 1978,6
 1979,7
 1980,8
 1981,8
 1982,9
 1983,7
 1984,8
 1985,9
 1986,9
 1987,10
 1988,8
 1989,9
 1990,10
 1991,10
 1992,11
 1993,9
 1994,10
 1995,11
 1996,11
 1997,12
 1998,10
 1999,11
 2000,12
 2001,3
 2002,4
 2003,2
 2004,3
 2005,4
 2006,4
 2007,5
 2008,3
 2009,4
 2010,5
 2011,5
 2012,6
 2013,4
 2014,5
 2015,6
 2016,6
 2017,7
 2018,5
 2019,6
 2020,7
 2021,7
 2022,8
 2023,6
 2024,7
 2025,8
 2026,4
 2027,5
 2028,3
 2029,4
 2030,5
 2031,5
 2032,6
 2033,4
 2034,5
 2035,6
 2036,6
 2037,7
 2038,5
 2039,6
 2040,7
 2041,7
 2042,8
 2043,6
 2044,7
 2045,8
 2046,8
 2047,9
 2048,7
 2049,8
 2050,9
 2051,5
 2052,6
 2053,4
 2054,5
 2055,6
 2056,6
 2057,7
 2058,5
 2059,6
 2060,7
 2061,7
 2062,8
 2063,6
 2064,7
 2065,8
 2066,8
 2067,9
 2068,7
 2069,8
 2070,9
 2071,9
 2072,10
 2073,8
 2074,9
 2075,10
 2076,6
 2077,7
 2078,5
 2079,6
 2080,7
 2081,7
 2082,8
 2083,6
 2084,7
 2085,8
 2086,8
 2087,9
 2088,7
 2089,8
 2090,9
 2091,9
 2092,10
 2093,8
 2094,9
 2095,10
 2096,10
 2097,11
 2098,9
 2099,10
 2100,11
 2101,7
 2102,8
 2103,6
 2104,7
 2105,8
 2106,8
 2107,9
 2108,7
 2109,8
 2110,9
 2111,9
 2112,10
 2113,8
 2114,9
 2115,10
 2116,10
 2117,11
 2118,9
 2119,10
 2120,11
 2121,11
 2122,12
 2123,10
 2124,11
 2125,12
 2126,3
 2127,4
 2128,2
 2129,3
 2130,4
 2131,4
 2132,5
 2133,3
 2134,4
 2135,5
 2136,5
 2137,6
 2138,4
 2139,5
 2140,6
 2141,6
 2142,7
 2143,5
 2144,6
 2145,7
 2146,7
 2147,8
 2148,6
 2149,7
 2150,8
 2151,4
 2152,5
 2153,3
 2154,4
 2155,5
 2156,5
 2157,6
 2158,4
 2159,5
 2160,6
 2161,6
 2162,7
 2163,5
 2164,6
 2165,7
 2166,7
 2167,8
 2168,6
 2169,7
 2170,8
 2171,8
 2172,9
 2173,7
 2174,8
 2175,9
 2176,5
 2177,6
 2178,4
 2179,5
 2180,6
 2181,6
 2182,7
 2183,5
 2184,6
 2185,7
 2186,7
 2187,8
 2188,6
 2189,7
 2190,8
 2191,8
 2192,9
 2193,7
 2194,8
 2195,9
 2196,9
 2197,10
 2198,8
 2199,9
 2200,10
 2201,6
 2202,7
 2203,5
 2204,6
 2205,7
 2206,7
 2207,8
 2208,6
 2209,7
 2210,8
 2211,8
 2212,9
 2213,7
 2214,8
 2215,9
 2216,9
 2217,10
 2218,8
 2219,9
 2220,10
 2221,10
 2222,11
 2223,9
 2224,10
 2225,11
 2226,7
 2227,8
 2228,6
 2229,7
 2230,8
 2231,8
 2232,9
 2233,7
 2234,8
 2235,9
 2236,9
 2237,10
 2238,8
 2239,9
 2240,10
 2241,10
 2242,11
 2243,9
 2244,10
 2245,11
 2246,11
 2247,12
 2248,10
 2249,11
 2250,12
 2251,3
 2252,4
 2253,2
 2254,3
 2255,4
 2256,4
 2257,5
 2258,3
 2259,4
 2260,5
 2261,5
 2262,6
 2263,4
 2264,5
 2265,6
 2266,6
 2267,7
 2268,5
 2269,6
 2270,7
 2271,7
 2272,8
 2273,6
 2274,7
 2275,8
 2276,4
 2277,5
 2278,3
 2279,4
 2280,5
 2281,5
 2282,6
 2283,4
 2284,5
 2285,6
 2286,6
 2287,7
 2288,5
 2289,6
 2290,7
 2291,7
 2292,8
 2293,6
 2294,7
 2295,8
 2296,8
 2297,9
 2298,7
 2299,8
 2300,9
 2301,5
 2302,6
 2303,4
 2304,5
 2305,6
 2306,6
 2307,7
 2308,5
 2309,6
 2310,7
 2311,7
 2312,8
 2313,6
 2314,7
 2315,8
 2316,8
 2317,9
 2318,7
 2319,8
 2320,9
 2321,9
 2322,10
 2323,8
 2324,9
 2325,10
 2326,6
 2327,7
 2328,5
 2329,6
 2330,7
 2331,7
 2332,8
 2333,6
 2334,7
 2335,8
 2336,8
 2337,9
 2338,7
 2339,8
 2340,9
 2341,9
 2342,10
 2343,8
 2344,9
 2345,10
 2346,10
 2347,11
 2348,9
 2349,10
 2350,11
 2351,7
 2352,8
 2353,6
 2354,7
 2355,8
 2356,8
 2357,9
 2358,7
 2359,8
 2360,9
 2361,9
 2362,10
 2363,8
 2364,9
 2365,10
 2366,10
 2367,11
 2368,9
 2369,10
 2370,11
 2371,11
 2372,12
 2373,10
 2374,11
 2375,12
 2376,3
 2377,4
 2378,2
 2379,3
 2380,4
 2381,4
 2382,5
 2383,3
 2384,4
 2385,5
 2386,5
 2387,6
 2388,4
 2389,5
 2390,6
 2391,6
 2392,7
 2393,5
 2394,6
 2395,7
 2396,7
 2397,8
 2398,6
 2399,7
 2400,8
 2401,4
 2402,5
 2403,3
 2404,4
 2405,5
 2406,5
 2407,6
 2408,4
 2409,5
 2410,6
 2411,6
 2412,7
 2413,5
 2414,6
 2415,7
 2416,7
 2417,8
 2418,6
 2419,7
 2420,8
 2421,8
 2422,9
 2423,7
 2424,8
 2425,9
 2426,5
 2427,6
 2428,4
 2429,5
 2430,6
 2431,6
 2432,7
 2433,5
 2434,6
 2435,7
 2436,7
 2437,8
 2438,6
 2439,7
 2440,8
 2441,8
 2442,9
 2443,7
 2444,8
 2445,9
 2446,9
 2447,10
 2448,8
 2449,9
 2450,10
 2451,6
 2452,7
 2453,5
 2454,6
 2455,7
 2456,7
 2457,8
 2458,6
 2459,7
 2460,8
 2461,8
 2462,9
 2463,7
 2464,8
 2465,9
 2466,9
 2467,10
 2468,8
 2469,9
 2470,10
 2471,10
 2472,11
 2473,9
 2474,10
 2475,11
 2476,7
 2477,8
 2478,6
 2479,7
 2480,8
 2481,8
 2482,9
 2483,7
 2484,8
 2485,9
 2486,9
 2487,10
 2488,8
 2489,9
 2490,10
 2491,10
 2492,11
 2493,9
 2494,10
 2495,11
 2496,11
 2497,12
 2498,10
 2499,11
 2500,12
 2501,3
 2502,4
 2503,2
 2504,3
 2505,4
 2506,4
 2507,5
 2508,3
 2509,4
 2510,5
 2511,5
 2512,6
 2513,4
 2514,5
 2515,6
 2516,6
 2517,7
 2518,5
 2519,6
 2520,7
 2521,7
 2522,8
 2523,6
 2524,7
 2525,8
 2526,4
 2527,5
 2528,3
 2529,4
 2530,5
 2531,5
 2532,6
 2533,4
 2534,5
 2535,6
 2536,6
 2537,7
 2538,5
 2539,6
 2540,7
 2541,7
 2542,8
 2543,6
 2544,7
 2545,8
 2546,8
 2547,9
 2548,7
 2549,8
 2550,9
 2551,5
 2552,6
 2553,4
 2554,5
 2555,6
 2556,6
 2557,7
 2558,5
 2559,6
 2560,7
 2561,7
 2562,8
 2563,6
 2564,7
 2565,8
 2566,8
 2567,9
 2568,7
 2569,8
 2570,9
 2571,9
 2572,10
 2573,8
 2574,9
 2575,10
 2576,6
 2577,7
 2578,5
 2579,6
 2580,7
 2581,7
 2582,8
 2583,6
 2584,7
 2585,8
 2586,8
 2587,9
 2588,7
 2589,8
 2590,9
 2591,9
 2592,10
 2593,8
 2594,9
 2595,10
 2596,10
 2597,11
 2598,9
 2599,10
 2600,11
 2601,7
 2602,8
 2603,6
 2604,7
 2605,8
 2606,8
 2607,9
 2608,7
 2609,8
 2610,9
 2611,9
 2612,10
 2613,8
 2614,9
 2615,10
 2616,10
 2617,11
 2618,9
 2619,10
 2620,11
 2621,11
 2622,12
 2623,10
 2624,11
 2625,12
 2626,3
 2627,4
 2628,2
 2629,3
 2630,4
 2631,4
 2632,5
 2633,3
 2634,4
 2635,5
 2636,5
 2637,6
 2638,4
 2639,5
 2640,6
 2641,6
 2642,7
 2643,5
 2644,6
 2645,7
 2646,7
 2647,8
 2648,6
 2649,7
 2650,8
 2651,4
 2652,5
 2653,3
 2654,4
 2655,5
 2656,5
 2657,6
 2658,4
 2659,5
 2660,6
 2661,6
 2662,7
 2663,5
 2664,6
 2665,7
 2666,7
 2667,8
 2668,6
 2669,7
 2670,8
 2671,8
 2672,9
 2673,7
 2674,8
 2675,9
 2676,5
 2677,6
 2678,4
 2679,5
 2680,6
 2681,6
 2682,7
 2683,5
 2684,6
 2685,7
 2686,7
 2687,8
 2688,6
 2689,7
 2690,8
 2691,8
 2692,9
 2693,7
 2694,8
 2695,9
 2696,9
 2697,10
 2698,8
 2699,9
 2700,10
 2701,6
 2702,7
 2703,5
 2704,6
 2705,7
 2706,7
 2707,8
 2708,6
 2709,7
 2710,8
 2711,8
 2712,9
 2713,7
 2714,8
 2715,9
 2716,9
 2717,10
 2718,8
 2719,9
 2720,10
 2721,10
 2722,11
 2723,9
 2724,10
 2725,11
 2726,7
 2727,8
 2728,6
 2729,7
 2730,8
 2731,8
 2732,9
 2733,7
 2734,8
 2735,9
 2736,9
 2737,10
 2738,8
 2739,9
 2740,10
 2741,10
 2742,11
 2743,9
 2744,10
 2745,11
 2746,11
 2747,12
 2748,10
 2749,11
 2750,12
 2751,3
 2752,4
 2753,2
 2754,3
 2755,4
 2756,4
 2757,5
 2758,3
 2759,4
 2760,5
 2761,5
 2762,6
 2763,4
 2764,5
 2765,6
 2766,6
 2767,7
 2768,5
 2769,6
 2770,7
 2771,7
 2772,8
 2773,6
 2774,7
 2775,8
 2776,4
 2777,5
 2778,3
 2779,4
 2780,5
 2781,5
 2782,6
 2783,4
 2784,5
 2785,6
 2786,6
 2787,7
 2788,5
 2789,6
 2790,7
 2791,7
 2792,8
 2793,6
 2794,7
 2795,8
 2796,8
 2797,9
 2798,7
 2799,8
 2800,9
 2801,5
 2802,6
 2803,4
 2804,5
 2805,6
 2806,6
 2807,7
 2808,5
 2809,6
 2810,7
 2811,7
 2812,8
 2813,6
 2814,7
 2815,8
 2816,8
 2817,9
 2818,7
 2819,8
 2820,9
 2821,9
 2822,10
 2823,8
 2824,9
 2825,10
 2826,6
 2827,7
 2828,5
 2829,6
 2830,7
 2831,7
 2832,8
 2833,6
 2834,7
 2835,8
 2836,8
 2837,9
 2838,7
 2839,8
 2840,9
 2841,9
 2842,10
 2843,8
 2844,9
 2845,10
 2846,10
 2847,11
 2848,9
 2849,10
 2850,11
 2851,7
 2852,8
 2853,6
 2854,7
 2855,8
 2856,8
 2857,9
 2858,7
 2859,8
 2860,9
 2861,9
 2862,10
 2863,8
 2864,9
 2865,10
 2866,10
 2867,11
 2868,9
 2869,10
 2870,11
 2871,11
 2872,12
 2873,10
 2874,11
 2875,12
 2876,3
 2877,4
 2878,2
 2879,3
 2880,4
 2881,4
 2882,5
 2883,3
 2884,4
 2885,5
 2886,5
 2887,6
 2888,4
 2889,5
 2890,6
 2891,6
 2892,7
 2893,5
 2894,6
 2895,7
 2896,7
 2897,8
 2898,6
 2899,7
 2900,8
 2901,4
 2902,5
 2903,3
 2904,4
 2905,5
 2906,5
 2907,6
 2908,4
 2909,5
 2910,6
 2911,6
 2912,7
 2913,5
 2914,6
 2915,7
 2916,7
 2917,8
 2918,6
 2919,7
 2920,8
 2921,8
 2922,9
 2923,7
 2924,8
 2925,9
 2926,5
 2927,6
 2928,4
 2929,5
 2930,6
 2931,6
 2932,7
 2933,5
 2934,6
 2935,7
 2936,7
 2937,8
 2938,6
 2939,7
 2940,8
 2941,8
 2942,9
 2943,7
 2944,8
 2945,9
 2946,9
 2947,10
 2948,8
 2949,9
 2950,10
 2951,6
 2952,7
 2953,5
 2954,6
 2955,7
 2956,7
 2957,8
 2958,6
 2959,7
 2960,8
 2961,8
 2962,9
 2963,7
 2964,8
 2965,9
 2966,9
 2967,10
 2968,8
 2969,9
 2970,10
 2971,10
 2972,11
 2973,9
 2974,10
 2975,11
 2976,7
 2977,8
 2978,6
 2979,7
 2980,8
 2981,8
 2982,9
 2983,7
 2984,8
 2985,9
 2986,9
 2987,10
 2988,8
 2989,9
 2990,10
 2991,10
 2992,11
 2993,9
 2994,10
 2995,11
 2996,11
 2997,12
 2998,10
 2999,11
 3000,12
 3001,3
 3002,4
 3003,2
 3004,3
 3005,4
 3006,4
 3007,5
 3008,3
 3009,4
 3010,5
 3011,5
 3012,6
 3013,4
 3014,5
 3015,6
 3016,6
 3017,7
 3018,5
 3019,6
 3020,7
 3021,7
 3022,8
 3023,6
 3024,7
 3025,8
 3026,4
 3027,5
 3028,3
 3029,4
 3030,5
 3031,5
 3032,6
 3033,4
 3034,5
 3035,6
 3036,6
 3037,7
 3038,5
 3039,6
 3040,7
 3041,7
 3042,8
 3043,6
 3044,7
 3045,8
 3046,8
 3047,9
 3048,7
 3049,8
 3050,9
 3051,5
 3052,6
 3053,4
 3054,5
 3055,6
 3056,6
 3057,7
 3058,5
 3059,6
 3060,7
 3061,7
 3062,8
 3063,6
 3064,7
 3065,8
 3066,8
 3067,9
 3068,7
 3069,8
 3070,9
 3071,9
 3072,10
 3073,8
 3074,9
 3075,10
 3076,6
 3077,7
 3078,5
 3079,6
 3080,7
 3081,7
 3082,8
 3083,6
 3084,7
 3085,8
 3086,8
 3087,9
 3088,7
 3089,8
 3090,9
 3091,9
 3092,10
 3093,8
 3094,9
 3095,10
 3096,10
 3097,11
 3098,9
 3099,10
 3100,11
 3101,7
 3102,8
 3103,6
 3104,7
 3105,8
 3106,8
 3107,9
 3108,7
 3109,8
 3110,9
 3111,9
 3112,10
 3113,8
 3114,9
 3115,10
 3116,10
 3117,11
 3118,9
 3119,10
 3120,11
 3121,11
 3122,12
 3123,10
 3124,11
 3125,12
 3126,3
 3127,4
 3128,2
 3129,3
 3130,4
 3131,4
 3132,5
 3133,3
 3134,4
 3135,5
 3136,5
 3137,6
 3138,4
 3139,5
 3140,6
 3141,6
 3142,7
 3143,5
 3144,6
 3145,7
 3146,7
 3147,8
 3148,6
 3149,7
 3150,8
 3151,4
 3152,5
 3153,3
 3154,4
 3155,5
 3156,5
 3157,6
 3158,4
 3159,5
 3160,6
 3161,6
 3162,7
 3163,5
 3164,6
 3165,7
 3166,7
 3167,8
 3168,6
 3169,7
 3170,8
 3171,8
 3172,9
 3173,7
 3174,8
 3175,9
 3176,5
 3177,6
 3178,4
 3179,5
 3180,6
 3181,6
 3182,7
 3183,5
 3184,6
 3185,7
 3186,7
 3187,8
 3188,6
 3189,7
 3190,8
 3191,8
 3192,9
 3193,7
 3194,8
 3195,9
 3196,9
 3197,10
 3198,8
 3199,9
 3200,10
 3201,6
 3202,7
 3203,5
 3204,6
 3205,7
 3206,7
 3207,8
 3208,6
 3209,7
 3210,8
 3211,8
 3212,9
 3213,7
 3214,8
 3215,9
 3216,9
 3217,10
 3218,8
 3219,9
 3220,10
 3221,10
 3222,11
 3223,9
 3224,10
 3225,11
 3226,7
 3227,8
 3228,6
 3229,7
 3230,8
 3231,8
 3232,9
 3233,7
 3234,8
 3235,9
 3236,9
 3237,10
 3238,8
 3239,9
 3240,10
 3241,10
 3242,11
 3243,9
 3244,10
 3245,11
 3246,11
 3247,12
 3248,10
 3249,11
 3250,12
 3251,3
 3252,4
 3253,2
 3254,3
 3255,4
 3256,4
 3257,5
 3258,3
 3259,4
 3260,5
 3261,5
 3262,6
 3263,4
 3264,5
 3265,6
 3266,6
 3267,7
 3268,5
 3269,6
 3270,7
 3271,7
 3272,8
 3273,6
 3274,7
 3275,8
 3276,4
 3277,5
 3278,3
 3279,4
 3280,5
 3281,5
 3282,6
 3283,4
 3284,5
 3285,6
 3286,6
 3287,7
 3288,5
 3289,6
 3290,7
 3291,7
 3292,8
 3293,6
 3294,7
 3295,8
 3296,8
 3297,9
 3298,7
 3299,8
 3300,9
 3301,5
 3302,6
 3303,4
 3304,5
 3305,6
 3306,6
 3307,7
 3308,5
 3309,6
 3310,7
 3311,7
 3312,8
 3313,6
 3314,7
 3315,8
 3316,8
 3317,9
 3318,7
 3319,8
 3320,9
 3321,9
 3322,10
 3323,8
 3324,9
 3325,10
 3326,6
 3327,7
 3328,5
 3329,6
 3330,7
 3331,7
 3332,8
 3333,6
 3334,7
 3335,8
 3336,8
 3337,9
 3338,7
 3339,8
 3340,9
 3341,9
 3342,10
 3343,8
 3344,9
 3345,10
 3346,10
 3347,11
 3348,9
 3349,10
 3350,11
 3351,7
 3352,8
 3353,6
 3354,7
 3355,8
 3356,8
 3357,9
 3358,7
 3359,8
 3360,9
 3361,9
 3362,10
 3363,8
 3364,9
 3365,10
 3366,10
 3367,11
 3368,9
 3369,10
 3370,11
 3371,11
 3372,12
 3373,10
 3374,11
 3375,12
 3376,3
 3377,4
 3378,2
 3379,3
 3380,4
 3381,4
 3382,5
 3383,3
 3384,4
 3385,5
 3386,5
 3387,6
 3388,4
 3389,5
 3390,6
 3391,6
 3392,7
 3393,5
 3394,6
 3395,7
 3396,7
 3397,8
 3398,6
 3399,7
 3400,8
 3401,4
 3402,5
 3403,3
 3404,4
 3405,5
 3406,5
 3407,6
 3408,4
 3409,5
 3410,6
 3411,6
 3412,7
 3413,5
 3414,6
 3415,7
 3416,7
 3417,8
 3418,6
 3419,7
 3420,8
 3421,8
 3422,9
 3423,7
 3424,8
 3425,9
 3426,5
 3427,6
 3428,4
 3429,5
 3430,6
 3431,6
 3432,7
 3433,5
 3434,6
 3435,7
 3436,7
 3437,8
 3438,6
 3439,7
 3440,8
 3441,8
 3442,9
 3443,7
 3444,8
 3445,9
 3446,9
 3447,10
 3448,8
 3449,9
 3450,10
 3451,6
 3452,7
 3453,5
 3454,6
 3455,7
 3456,7
 3457,8
 3458,6
 3459,7
 3460,8
 3461,8
 3462,9
 3463,7
 3464,8
 3465,9
 3466,9
 3467,10
 3468,8
 3469,9
 3470,10
 3471,10
 3472,11
 3473,9
 3474,10
 3475,11
 3476,7
 3477,8
 3478,6
 3479,7
 3480,8
 3481,8
 3482,9
 3483,7
 3484,8
 3485,9
 3486,9
 3487,10
 3488,8
 3489,9
 3490,10
 3491,10
 3492,11
 3493,9
 3494,10
 3495,11
 3496,11
 3497,12
 3498,10
 3499,11
 3500,12
 3501,3
 3502,4
 3503,2
 3504,3
 3505,4
 3506,4
 3507,5
 3508,3
 3509,4
 3510,5
 3511,5
 3512,6
 3513,4
 3514,5
 3515,6
 3516,6
 3517,7
 3518,5
 3519,6
 3520,7
 3521,7
 3522,8
 3523,6
 3524,7
 3525,8
 3526,4
 3527,5
 3528,3
 3529,4
 3530,5
 3531,5
 3532,6
 3533,4
 3534,5
 3535,6
 3536,6
 3537,7
 3538,5
 3539,6
 3540,7
 3541,7
 3542,8
 3543,6
 3544,7
 3545,8
 3546,8
 3547,9
 3548,7
 3549,8
 3550,9
 3551,5
 3552,6
 3553,4
 3554,5
 3555,6
 3556,6
 3557,7
 3558,5
 3559,6
 3560,7
 3561,7
 3562,8
 3563,6
 3564,7
 3565,8
 3566,8
 3567,9
 3568,7
 3569,8
 3570,9
 3571,9
 3572,10
 3573,8
 3574,9
 3575,10
 3576,6
 3577,7
 3578,5
 3579,6
 3580,7
 3581,7
 3582,8
 3583,6
 3584,7
 3585,8
 3586,8
 3587,9
 3588,7
 3589,8
 3590,9
 3591,9
 3592,10
 3593,8
 3594,9
 3595,10
 3596,10
 3597,11
 3598,9
 3599,10
 3600,11
 3601,7
 3602,8
 3603,6
 3604,7
 3605,8
 3606,8
 3607,9
 3608,7
 3609,8
 3610,9
 3611,9
 3612,10
 3613,8
 3614,9
 3615,10
 3616,10
 3617,11
 3618,9
 3619,10
 3620,11
 3621,11
 3622,12
 3623,10
 3624,11
 3625,12
 3626,3
 3627,4
 3628,2
 3629,3
 3630,4
 3631,4
 3632,5
 3633,3
 3634,4
 3635,5
 3636,5
 3637,6
 3638,4
 3639,5
 3640,6
 3641,6
 3642,7
 3643,5
 3644,6
 3645,7
 3646,7
 3647,8
 3648,6
 3649,7
 3650,8
 3651,4
 3652,5
 3653,3
 3654,4
 3655,5
 3656,5
 3657,6
 3658,4
 3659,5
 3660,6
 3661,6
 3662,7
 3663,5
 3664,6
 3665,7
 3666,7
 3667,8
 3668,6
 3669,7
 3670,8
 3671,8
 3672,9
 3673,7
 3674,8
 3675,9
 3676,5
 3677,6
 3678,4
 3679,5
 3680,6
 3681,6
 3682,7
 3683,5
 3684,6
 3685,7
 3686,7
 3687,8
 3688,6
 3689,7
 3690,8
 3691,8
 3692,9
 3693,7
 3694,8
 3695,9
 3696,9
 3697,10
 3698,8
 3699,9
 3700,10
 3701,6
 3702,7
 3703,5
 3704,6
 3705,7
 3706,7
 3707,8
 3708,6
 3709,7
 3710,8
 3711,8
 3712,9
 3713,7
 3714,8
 3715,9
 3716,9
 3717,10
 3718,8
 3719,9
 3720,10
 3721,10
 3722,11
 3723,9
 3724,10
 3725,11
 3726,7
 3727,8
 3728,6
 3729,7
 3730,8
 3731,8
 3732,9
 3733,7
 3734,8
 3735,9
 3736,9
 3737,10
 3738,8
 3739,9
 3740,10
 3741,10
 3742,11
 3743,9
 3744,10
 3745,11
 3746,11
 3747,12
 3748,10
 3749,11
 3750,12
 3751,3
 3752,4
 3753,2
 3754,3
 3755,4
 3756,4
 3757,5
 3758,3
 3759,4
 3760,5
 3761,5
 3762,6
 3763,4
 3764,5
 3765,6
 3766,6
 3767,7
 3768,5
 3769,6
 3770,7
 3771,7
 3772,8
 3773,6
 3774,7
 3775,8
 3776,4
 3777,5
 3778,3
 3779,4
 3780,5
 3781,5
 3782,6
 3783,4
 3784,5
 3785,6
 3786,6
 3787,7
 3788,5
 3789,6
 3790,7
 3791,7
 3792,8
 3793,6
 3794,7
 3795,8
 3796,8
 3797,9
 3798,7
 3799,8
 3800,9
 3801,5
 3802,6
 3803,4
 3804,5
 3805,6
 3806,6
 3807,7
 3808,5
 3809,6
 3810,7
 3811,7
 3812,8
 3813,6
 3814,7
 3815,8
 3816,8
 3817,9
 3818,7
 3819,8
 3820,9
 3821,9
 3822,10
 3823,8
 3824,9
 3825,10
 3826,6
 3827,7
 3828,5
 3829,6
 3830,7
 3831,7
 3832,8
 3833,6
 3834,7
 3835,8
 3836,8
 3837,9
 3838,7
 3839,8
 3840,9
 3841,9
 3842,10
 3843,8
 3844,9
 3845,10
 3846,10
 3847,11
 3848,9
 3849,10
 3850,11
 3851,7
 3852,8
 3853,6
 3854,7
 3855,8
 3856,8
 3857,9
 3858,7
 3859,8
 3860,9
 3861,9
 3862,10
 3863,8
 3864,9
 3865,10
 3866,10
 3867,11
 3868,9
 3869,10
 3870,11
 3871,11
 3872,12
 3873,10
 3874,11
 3875,12
 3876,3
 3877,4
 3878,2
 3879,3
 3880,4
 3881,4
 3882,5
 3883,3
 3884,4
 3885,5
 3886,5
 3887,6
 3888,4
 3889,5
 3890,6
 3891,6
 3892,7
 3893,5
 3894,6
 3895,7
 3896,7
 3897,8
 3898,6
 3899,7
 3900,8
 3901,4
 3902,5
 3903,3
 3904,4
 3905,5
 3906,5
 3907,6
 3908,4
 3909,5
 3910,6
 3911,6
 3912,7
 3913,5
 3914,6
 3915,7
 3916,7
 3917,8
 3918,6
 3919,7
 3920,8
 3921,8
 3922,9
 3923,7
 3924,8
 3925,9
 3926,5
 3927,6
 3928,4
 3929,5
 3930,6
 3931,6
 3932,7
 3933,5
 3934,6
 3935,7
 3936,7
 3937,8
 3938,6
 3939,7
 3940,8
 3941,8
 3942,9
 3943,7
 3944,8
 3945,9
 3946,9
 3947,10
 3948,8
 3949,9
 3950,10
 3951,6
 3952,7
 3953,5
 3954,6
 3955,7
 3956,7
 3957,8
 3958,6
 3959,7
 3960,8
 3961,8
 3962,9
 3963,7
 3964,8
 3965,9
 3966,9
 3967,10
 3968,8
 3969,9
 3970,10
 3971,10
 3972,11
 3973,9
 3974,10
 3975,11
 3976,7
 3977,8
 3978,6
 3979,7
 3980,8
 3981,8
 3982,9
 3983,7
 3984,8
 3985,9
 3986,9
 3987,10
 3988,8
 3989,9
 3990,10
 3991,10
 3992,11
 3993,9
 3994,10
 3995,11
 3996,11
 3997,12
 3998,10
 3999,11
 4000,12
 4001,3
 4002,4
 4003,2
 4004,3
 4005,4
 4006,4
 4007,5
 4008,3
 4009,4
 4010,5
 4011,5
 4012,6
 4013,4
 4014,5
 4015,6
 4016,6
 4017,7
 4018,5
 4019,6
 4020,7
 4021,7
 4022,8
 4023,6
 4024,7
 4025,8
 4026,4
 4027,5
 4028,3
 4029,4
 4030,5
 4031,5
 4032,6
 4033,4
 4034,5
 4035,6
 4036,6
 4037,7
 4038,5
 4039,6
 4040,7
 4041,7
 4042,8
 4043,6
 4044,7
 4045,8
 4046,8
 4047,9
 4048,7
 4049,8
 4050,9
 4051,5
 4052,6
 4053,4
 4054,5
 4055,6
 4056,6
 4057,7
 4058,5
 4059,6
 4060,7
 4061,7
 4062,8
 4063,6
 4064,7
 4065,8
 4066,8
 4067,9
 4068,7
 4069,8
 4070,9
 4071,9
 4072,10
 4073,8
 4074,9
 4075,10
 4076,6
 4077,7
 4078,5
 4079,6
 4080,7
 4081,7
 4082,8
 4083,6
 4084,7
 4085,8
 4086,8
 4087,9
 4088,7
 4089,8
 4090,9
 4091,9
 4092,10
 4093,8
 4094,9
 4095,10
 4096,10
 4097,11
 4098,9
 4099,10
 4100,11
 4101,7
 4102,8
 4103,6
 4104,7
 4105,8
 4106,8
 4107,9
 4108,7
 4109,8
 4110,9
 4111,9
 4112,10
 4113,8
 4114,9
 4115,10
 4116,10
 4117,11
 4118,9
 4119,10
 4120,11
 4121,11
 4122,12
 4123,10
 4124,11
 4125,12
 4126,3
 4127,4
 4128,2
 4129,3
 4130,4
 4131,4
 4132,5
 4133,3
 4134,4
 4135,5
 4136,5
 4137,6
 4138,4
 4139,5
 4140,6
 4141,6
 4142,7
 4143,5
 4144,6
 4145,7
 4146,7
 4147,8
 4148,6
 4149,7
 4150,8
 4151,4
 4152,5
 4153,3
 4154,4
 4155,5
 4156,5
 4157,6
 4158,4
 4159,5
 4160,6
 4161,6
 4162,7
 4163,5
 4164,6
 4165,7
 4166,7
 4167,8
 4168,6
 4169,7
 4170,8
 4171,8
 4172,9
 4173,7
 4174,8
 4175,9
 4176,5
 4177,6
 4178,4
 4179,5
 4180,6
 4181,6
 4182,7
 4183,5
 4184,6
 4185,7
 4186,7
 4187,8
 4188,6
 4189,7
 4190,8
 4191,8
 4192,9
 4193,7
 4194,8
 4195,9
 4196,9
 4197,10
 4198,8
 4199,9
 4200,10
 4201,6
 4202,7
 4203,5
 4204,6
 4205,7
 4206,7
 4207,8
 4208,6
 4209,7
 4210,8
 4211,8
 4212,9
 4213,7
 4214,8
 4215,9
 4216,9
 4217,10
 4218,8
 4219,9
 4220,10
 4221,10
 4222,11
 4223,9
 4224,10
 4225,11
 4226,7
 4227,8
 4228,6
 4229,7
 4230,8
 4231,8
 4232,9
 4233,7
 4234,8
 4235,9
 4236,9
 4237,10
 4238,8
 4239,9
 4240,10
 4241,10
 4242,11
 4243,9
 4244,10
 4245,11
 4246,11
 4247,12
 4248,10
 4249,11
 4250,12
 4251,3
 4252,4
 4253,2
 4254,3
 4255,4
 4256,4
 4257,5
 4258,3
 4259,4
 4260,5
 4261,5
 4262,6
 4263,4
 4264,5
 4265,6
 4266,6
 4267,7
 4268,5
 4269,6
 4270,7
 4271,7
 4272,8
 4273,6
 4274,7
 4275,8
 4276,4
 4277,5
 4278,3
 4279,4
 4280,5
 4281,5
 4282,6
 4283,4
 4284,5
 4285,6
 4286,6
 4287,7
 4288,5
 4289,6
 4290,7
 4291,7
 4292,8
 4293,6
 4294,7
 4295,8
 4296,8
 4297,9
 4298,7
 4299,8
 4300,9
 4301,5
 4302,6
 4303,4
 4304,5
 4305,6
 4306,6
 4307,7
 4308,5
 4309,6
 4310,7
 4311,7
 4312,8
 4313,6
 4314,7
 4315,8
 4316,8
 4317,9
 4318,7
 4319,8
 4320,9
 4321,9
 4322,10
 4323,8
 4324,9
 4325,10
 4326,6
 4327,7
 4328,5
 4329,6
 4330,7
 4331,7
 4332,8
 4333,6
 4334,7
 4335,8
 4336,8
 4337,9
 4338,7
 4339,8
 4340,9
 4341,9
 4342,10
 4343,8
 4344,9
 4345,10
 4346,10
 4347,11
 4348,9
 4349,10
 4350,11
 4351,7
 4352,8
 4353,6
 4354,7
 4355,8
 4356,8
 4357,9
 4358,7
 4359,8
 4360,9
 4361,9
 4362,10
 4363,8
 4364,9
 4365,10
 4366,10
 4367,11
 4368,9
 4369,10
 4370,11
 4371,11
 4372,12
 4373,10
 4374,11
 4375,12
 4376,3
 4377,4
 4378,2
 4379,3
 4380,4
 4381,4
 4382,5
 4383,3
 4384,4
 4385,5
 4386,5
 4387,6
 4388,4
 4389,5
 4390,6
 4391,6
 4392,7
 4393,5
 4394,6
 4395,7
 4396,7
 4397,8
 4398,6
 4399,7
 4400,8
 4401,4
 4402,5
 4403,3
 4404,4
 4405,5
 4406,5
 4407,6
 4408,4
 4409,5
 4410,6
 4411,6
 4412,7
 4413,5
 4414,6
 4415,7
 4416,7
 4417,8
 4418,6
 4419,7
 4420,8
 4421,8
 4422,9
 4423,7
 4424,8
 4425,9
 4426,5
 4427,6
 4428,4
 4429,5
 4430,6
 4431,6
 4432,7
 4433,5
 4434,6
 4435,7
 4436,7
 4437,8
 4438,6
 4439,7
 4440,8
 4441,8
 4442,9
 4443,7
 4444,8
 4445,9
 4446,9
 4447,10
 4448,8
 4449,9
 4450,10
 4451,6
 4452,7
 4453,5
 4454,6
 4455,7
 4456,7
 4457,8
 4458,6
 4459,7
 4460,8
 4461,8
 4462,9
 4463,7
 4464,8
 4465,9
 4466,9
 4467,10
 4468,8
 4469,9
 4470,10
 4471,10
 4472,11
 4473,9
 4474,10
 4475,11
 4476,7
 4477,8
 4478,6
 4479,7
 4480,8
 4481,8
 4482,9
 4483,7
 4484,8
 4485,9
 4486,9
 4487,10
 4488,8
 4489,9
 4490,10
 4491,10
 4492,11
 4493,9
 4494,10
 4495,11
 4496,11
 4497,12
 4498,10
 4499,11
 4500,12
 4501,3
 4502,4
 4503,2
 4504,3
 4505,4
 4506,4
 4507,5
 4508,3
 4509,4
 4510,5
 4511,5
 4512,6
 4513,4
 4514,5
 4515,6
 4516,6
 4517,7
 4518,5
 4519,6
 4520,7
 4521,7
 4522,8
 4523,6
 4524,7
 4525,8
 4526,4
 4527,5
 4528,3
 4529,4
 4530,5
 4531,5
 4532,6
 4533,4
 4534,5
 4535,6
 4536,6
 4537,7
 4538,5
 4539,6
 4540,7
 4541,7
 4542,8
 4543,6
 4544,7
 4545,8
 4546,8
 4547,9
 4548,7
 4549,8
 4550,9
 4551,5
 4552,6
 4553,4
 4554,5
 4555,6
 4556,6
 4557,7
 4558,5
 4559,6
 4560,7
 4561,7
 4562,8
 4563,6
 4564,7
 4565,8
 4566,8
 4567,9
 4568,7
 4569,8
 4570,9
 4571,9
 4572,10
 4573,8
 4574,9
 4575,10
 4576,6
 4577,7
 4578,5
 4579,6
 4580,7
 4581,7
 4582,8
 4583,6
 4584,7
 4585,8
 4586,8
 4587,9
 4588,7
 4589,8
 4590,9
 4591,9
 4592,10
 4593,8
 4594,9
 4595,10
 4596,10
 4597,11
 4598,9
 4599,10
 4600,11
 4601,7
 4602,8
 4603,6
 4604,7
 4605,8
 4606,8
 4607,9
 4608,7
 4609,8
 4610,9
 4611,9
 4612,10
 4613,8
 4614,9
 4615,10
 4616,10
 4617,11
 4618,9
 4619,10
 4620,11
 4621,11
 4622,12
 4623,10
 4624,11
 4625,12
 4626,3
 4627,4
 4628,2
 4629,3
 4630,4
 4631,4
 4632,5
 4633,3
 4634,4
 4635,5
 4636,5
 4637,6
 4638,4
 4639,5
 4640,6
 4641,6
 4642,7
 4643,5
 4644,6
 4645,7
 4646,7
 4647,8
 4648,6
 4649,7
 4650,8
 4651,4
 4652,5
 4653,3
 4654,4
 4655,5
 4656,5
 4657,6
 4658,4
 4659,5
 4660,6
 4661,6
 4662,7
 4663,5
 4664,6
 4665,7
 4666,7
 4667,8
 4668,6
 4669,7
 4670,8
 4671,8
 4672,9
 4673,7
 4674,8
 4675,9
 4676,5
 4677,6
 4678,4
 4679,5
 4680,6
 4681,6
 4682,7
 4683,5
 4684,6
 4685,7
 4686,7
 4687,8
 4688,6
 4689,7
 4690,8
 4691,8
 4692,9
 4693,7
 4694,8
 4695,9
 4696,9
 4697,10
 4698,8
 4699,9
 4700,10
 4701,6
 4702,7
 4703,5
 4704,6
 4705,7
 4706,7
 4707,8
 4708,6
 4709,7
 4710,8
 4711,8
 4712,9
 4713,7
 4714,8
 4715,9
 4716,9
 4717,10
 4718,8
 4719,9
 4720,10
 4721,10
 4722,11
 4723,9
 4724,10
 4725,11
 4726,7
 4727,8
 4728,6
 4729,7
 4730,8
 4731,8
 4732,9
 4733,7
 4734,8
 4735,9
 4736,9
 4737,10
 4738,8
 4739,9
 4740,10
 4741,10
 4742,11
 4743,9
 4744,10
 4745,11
 4746,11
 4747,12
 4748,10
 4749,11
 4750,12
 4751,3
 4752,4
 4753,2
 4754,3
 4755,4
 4756,4
 4757,5
 4758,3
 4759,4
 4760,5
 4761,5
 4762,6
 4763,4
 4764,5
 4765,6
 4766,6
 4767,7
 4768,5
 4769,6
 4770,7
 4771,7
 4772,8
 4773,6
 4774,7
 4775,8
 4776,4
 4777,5
 4778,3
 4779,4
 4780,5
 4781,5
 4782,6
 4783,4
 4784,5
 4785,6
 4786,6
 4787,7
 4788,5
 4789,6
 4790,7
 4791,7
 4792,8
 4793,6
 4794,7
 4795,8
 4796,8
 4797,9
 4798,7
 4799,8
 4800,9
 4801,5
 4802,6
 4803,4
 4804,5
 4805,6
 4806,6
 4807,7
 4808,5
 4809,6
 4810,7
 4811,7
 4812,8
 4813,6
 4814,7
 4815,8
 4816,8
 4817,9
 4818,7
 4819,8
 4820,9
 4821,9
 4822,10
 4823,8
 4824,9
 4825,10
 4826,6
 4827,7
 4828,5
 4829,6
 4830,7
 4831,7
 4832,8
 4833,6
 4834,7
 4835,8
 4836,8
 4837,9
 4838,7
 4839,8
 4840,9
 4841,9
 4842,10
 4843,8
 4844,9
 4845,10
 4846,10
 4847,11
 4848,9
 4849,10
 4850,11
 4851,7
 4852,8
 4853,6
 4854,7
 4855,8
 4856,8
 4857,9
 4858,7
 4859,8
 4860,9
 4861,9
 4862,10
 4863,8
 4864,9
 4865,10
 4866,10
 4867,11
 4868,9
 4869,10
 4870,11
 4871,11
 4872,12
 4873,10
 4874,11
 4875,12
 4876,3
 4877,4
 4878,2
 4879,3
 4880,4
 4881,4
 4882,5
 4883,3
 4884,4
 4885,5
 4886,5
 4887,6
 4888,4
 4889,5
 4890,6
 4891,6
 4892,7
 4893,5
 4894,6
 4895,7
 4896,7
 4897,8
 4898,6
 4899,7
 4900,8
 4901,4
 4902,5
 4903,3
 4904,4
 4905,5
 4906,5
 4907,6
 4908,4
 4909,5
 4910,6
 4911,6
 4912,7
 4913,5
 4914,6
 4915,7
 4916,7
 4917,8
 4918,6
 4919,7
 4920,8
 4921,8
 4922,9
 4923,7
 4924,8
 4925,9
 4926,5
 4927,6
 4928,4
 4929,5
 4930,6
 4931,6
 4932,7
 4933,5
 4934,6
 4935,7
 4936,7
 4937,8
 4938,6
 4939,7
 4940,8
 4941,8
 4942,9
 4943,7
 4944,8
 4945,9
 4946,9
 4947,10
 4948,8
 4949,9
 4950,10
 4951,6
 4952,7
 4953,5
 4954,6
 4955,7
 4956,7
 4957,8
 4958,6
 4959,7
 4960,8
 4961,8
 4962,9
 4963,7
 4964,8
 4965,9
 4966,9
 4967,10
 4968,8
 4969,9
 4970,10
 4971,10
 4972,11
 4973,9
 4974,10
 4975,11
 4976,7
 4977,8
 4978,6
 4979,7
 4980,8
 4981,8
 4982,9
 4983,7
 4984,8
 4985,9
 4986,9
 4987,10
 4988,8
 4989,9
 4990,10
 4991,10
 4992,11
 4993,9
 4994,10
 4995,11
 4996,11
 4997,12
 4998,10
 4999,11
 5000,12
